file_gopro;raw_arcgis;ransac_arcgis;H_arcgis;F_arcgis;time_arcgis;ransac_rot_arcgis;H_rotarcgis;F_rotarcgis;time_rot_arcgis;raw_google;ransac_google;H_google;F_google;time_google;ransac_rot_google;H_rotgoogle;F_rotgoogle;time_rot_google;raw_geoportal;ransac_geoportal;H_geoportal;F_geoportal;time_geoportal;ransac_rot_geoportal;H_rotgeoportal;F_rotgeoportal;time_rot_geoportal
10001.jpg;127;4;;;2015;4;;;420;151;4;;;450;5;;;418;145;4;;;463;2;;;401
10067.jpg;133;4;;;440;4;;;401;130;5;;;445;6;;;418;147;6;;;433;4;;;504
10072.jpg;130;4;;;436;4;;;417;139;6;;;431;6;;;419;126;6;;;433;4;;;427
10142.jpg;135;5;;;495;5;;;421;114;3;;;439;6;;;427;141;6;;;435;3;;;416
10189.jpg;142;4;;;434;4;;;413;125;5;;;434;0;;;424;138;5;;;451;5;;;461
10214.jpg;151;4;;;443;4;;;430;123;4;;;445;4;;;524;122;2;;;469;4;;;425
10286.jpg;155;5;;;433;5;;;426;130;5;;;577;5;;;427;142;6;;;439;4;;;432
10307.jpg;151;5;;;423;4;;;434;141;4;;;448;4;;;439;154;4;;;442;7;;;423
10358.jpg;172;4;;;442;5;;;425;175;5;;;451;4;;;481;171;5;;;445;5;;;433
10427.jpg;159;4;;;449;4;;;461;180;5;;;446;12;[[1.9859283228415934, 0.14940544830989239, -556.6682946341134], [-0.16584505591185544, 1.3643695458094283, -43.82017981679441], [0.00048614511160897613, 2.5230387959668708e-05, 1.0]];[[3.895671511888517e-06, 2.5142208003936907e-05, -0.007345420837050136], [-2.145919292960186e-05, 1.3904094694154449e-06, 0.02146179074936705], [0.0025188179788985018, -0.02607204447436795, 1.0]];419;184;5;;;445;6;;;433
10430.jpg;148;4;;;446;7;;;420;164;4;;;455;5;;;427;186;6;;;447;5;;;446
10499.jpg;176;4;;;438;13;[[1.002945727156779, 0.19171403359551017, 76.62921343590486], [-0.11017580252218684, 0.9496318665246436, -102.17361397218649], [2.4615551667727478e-05, 5.0178316410627794e-05, 1.0]];[[-1.560787484947953e-06, -1.3960789551166795e-05, 0.003146126298381635], [1.2922224696782972e-05, -2.1519625453577552e-06, -0.008318512135924161], [-0.0034029660618563255, 0.008473429689739308, 1.0]];430;209;4;;;463;20;[[0.9150694782798166, 0.01394639395276995, 149.81558751493077], [-0.11114048327500141, 0.8444861501021595, -70.99975333074201], [1.4955701470995194e-05, -8.551235302233428e-05, 1.0]];[[2.1724499072760527e-07, 1.7110130071788502e-06, -4.137692286039171e-05], [-1.5600829500888731e-06, 3.9737644529433823e-07, 0.004030405998407363], [-0.00043084101695560034, -0.004485968985644436, -0.23953580062737645]];414;177;5;;;450;6;;;431
10559.jpg;159;4;;;480;2;;;422;182;6;;;431;27;[[0.923143933133858, -0.02408218729958132, 368.73260760142637], [-0.09428849813400796, 0.8142699590042802, 11.667823011353814], [2.305530330981818e-05, -0.00011899934142913405, 0.9999999999999999]];[[4.786903949447919e-07, 4.096397572168086e-06, -0.0034140272019367564], [-4.1570311579344734e-06, 8.609468937300881e-08, 0.0017858318913348001], [0.003552142740382526, -0.0002759631055291969, -1.3678378773535522]];417;178;5;;;444;3;;;429
10568.jpg;181;6;;;428;7;;;422;230;5;;;443;5;;;428;189;4;;;444;6;;;430
10639.jpg;163;2;;;441;3;;;429;196;5;;;456;11;[[0.6780316540613917, -0.002219926114459518, 303.65797178455165], [-0.12120038432772334, 0.7322210724979555, -17.062755280069993], [-7.379703461715892e-05, -9.075167537051835e-05, 1.0]];[[-1.6821291017527683e-06, -1.1914152069876126e-05, 0.005214423636347472], [1.103189571173221e-05, -2.0684776923253976e-06, -0.017221281016330733], [-0.003179833707900281, 0.01932343809776955, 1.0]];434;176;4;;;442;3;;;438
10687.jpg;161;4;;;555;2;;;430;203;6;;;429;17;[[0.8812442335909274, 0.007876212065581343, 368.60377123779773], [-0.10124396079550751, 0.8259384027741358, -29.69509796890999], [-5.422909033505359e-06, -9.469665172726527e-05, 1.0]];[[-0.5143131534472216, -4.510154125219664, 3867.1436924378345], [4.561066804291752, -0.5642111101174269, -4932.698350626991], [-3823.8366825471717, 4045.4359783709187, 1549347.9872215467]];425;181;4;;;492;5;;;429
10709.jpg;159;4;;;438;7;;;422;213;4;;;508;21;[[0.869112743595706, 0.051880452085338834, 245.94166075626322], [-0.09999543213868861, 0.8360903516753637, -131.95052553407896], [-1.070836152341229e-05, -6.518881437325893e-05, 1.0]];[[7.2974590330617e-08, 6.229239069898788e-07, -0.0039037676427498185], [-8.124371786087261e-07, 1.6417132462276287e-07, 0.0015313921911003965], [0.004156088287072662, -0.0019691933115907247, -1.163711054315828]];426;179;4;;;443;2;;;439
10780.jpg;162;6;;;448;4;;;440;188;5;;;442;18;[[0.8647344049001743, 0.01343582222637914, 156.71189656290792], [-0.11374473445319098, 0.8231452842762831, -31.10120624012243], [-1.0056716272830365e-05, -8.620824617910488e-05, 1.0]];[[4.5840229639900683e-07, 3.908762751760749e-06, -0.003731342806298639], [-4.034400417992727e-06, 2.8366652621582637e-07, 0.0024677885581750893], [0.004087079472633967, -0.0022873044737027988, -0.7487628600120777]];409;206;4;;;435;4;;;462
10813.jpg;165;6;;;450;5;;;433;184;5;;;450;4;;;433;189;4;;;519;6;;;427
10850.jpg;160;5;;;446;11;[[0.8532882386879557, -0.01100189212378764, 247.72187693574517], [-0.08901032284703704, 0.7908749406716626, -96.1955541940357], [2.7256344641647037e-06, -0.0001098447972113923, 1.0]];[[-1.2126803383089555e-07, -1.0470254356335253e-06, -0.0012400519768047897], [7.764997114806959e-07, -1.4612020564545228e-07, -0.0010777937019229144], [0.001530710480130108, 0.001106087198859829, -0.2893746037156377]];431;178;7;;;490;12;[[0.9570394161881527, -0.07493241209307108, 243.64933101561522], [-0.05654195954396966, 0.790891816148692, -110.84472870596507], [6.546562128994053e-05, -0.00014597313042067015, 1.0]];[[1.160805985495756e-06, 1.0540053535986642e-05, -0.009760442242425098], [-1.0261717946031292e-05, 3.616667936323221e-07, 0.009697632116060045], [0.010573424129197422, -0.008227191531838004, -3.5610920286812324]];448;170;4;;;447;3;;;439
10922.jpg;167;3;;;445;7;;;421;184;4;;;435;5;;;426;178;3;;;433;5;;;453
10943.jpg;170;4;;;484;6;;;429;170;4;;;438;3;;;434;169;4;;;436;5;;;430
10993.jpg;150;3;;;449;5;;;434;180;5;;;458;5;;;437;173;4;;;437;6;;;438
11063.jpg;169;6;;;497;5;;;433;210;4;;;447;5;;;436;197;4;;;446;3;;;426
11080.jpg;171;4;;;443;4;;;437;219;5;;;441;6;;;432;192;4;;;444;4;;;431
11132.jpg;167;4;;;451;5;;;455;198;4;;;441;4;;;420;204;6;;;442;5;;;438
11203.jpg;178;5;;;442;6;;;419;202;5;;;449;4;;;427;203;6;;;450;3;;;440
11215.jpg;170;6;;;469;5;;;422;192;6;;;442;4;;;433;202;5;;;437;6;;;455
11273.jpg;155;4;;;451;3;;;441;210;2;;;445;8;[[0.9687602301241536, -0.36762001386128546, 288.3888666816765], [-0.061604906691746134, 0.6997855260765331, -98.44123125111803], [3.442557572345386e-05, -0.00017838166952823775, 1.0]];[[-1.7742899345357248, -24.09821629993789, -1550.6806866403697], [17.422612956789358, 7.141611204391582, -7660.262747557337], [412.82529357652646, 4720.000734412572, 272342.36791186826]];415;197;4;;;456;3;;;439
11342.jpg;170;2;;;450;5;;;437;174;5;;;433;6;;;431;162;4;;;439;4;;;433
11344.jpg;151;5;;;445;5;;;432;181;3;;;447;3;;;440;189;3;;;450;5;;;437
11411.jpg;161;4;;;441;2;;;430;213;5;;;443;10;[[0.9689013902477336, 0.054658795301951245, 114.87487330865524], [-0.09575624671757976, 0.8754611974339985, -103.85006891259964], [3.1343700216293884e-05, -7.105937059421852e-05, 1.0]];[[-3.6578998157382827e-07, -3.2500496936600042e-06, 0.000580988083442991], [3.088850489196365e-06, -1.1533674323298336e-06, -0.010629666979734144], [0.00041329637996481776, 0.0119485098140616, 1.0]];421;184;4;;;448;3;;;429
11479.jpg;182;5;;;446;5;;;426;227;1;;;424;5;;;437;188;4;;;442;6;;;434
11480.jpg;170;5;;;496;4;;;436;226;5;;;444;5;;;441;209;5;;;447;6;;;454
11548.jpg;182;5;;;455;2;;;427;253;5;;;450;5;;;438;203;4;;;459;6;;;424
11618.jpg;199;5;;;443;3;;;430;248;5;;;524;4;;;435;198;6;;;524;6;;;434
11626.jpg;221;4;;;436;5;;;429;260;5;;;435;6;;;441;197;5;;;436;4;;;427
11687.jpg;201;4;;;454;5;;;433;237;6;;;442;6;;;430;234;4;;;470;6;;;438
11756.jpg;179;6;;;443;8;[[-4.333341193082379, -3.5652723104804096, 886.7773155521626], [-1.4620115741573745, -10.068817642153972, 2738.685356745664], [-0.00043222108957541533, -0.013745685835901994, 1.0]];[[4.797344766628772e-06, -1.5732346561068415e-05, 0.005572971646470017], [1.5643822779098358e-05, -1.2239615598406671e-06, -0.0031904807903591556], [-0.008652264274654257, 0.00246920874708368, 1.0]];417;245;6;;;498;8;[[0.926272240352934, 0.34290353896867354, 108.81395470564935], [-0.48193583992101857, 1.807314543246524, -156.2534493920322], [-0.0008265831747279808, 0.0014752033199788837, 1.0]];[[0.7430484311026148, 3.445192051209621, -1206.2182778152637], [-4.423601421487483, -0.20843121293761968, 1214.927375454271], [1456.3095100939297, -425.7338331204013, -254696.33993405674]];510;202;2;;;447;5;;;432
11779.jpg;198;5;;;459;6;;;431;250;5;;;442;5;;;444;207;6;;;440;5;;;437
11824.jpg;187;5;;;442;4;;;428;231;4;;;441;9;[[0.6886013084054444, -0.07759165993129334, 282.9488715947852], [-0.19804332340452044, 0.6257034895963687, 134.8183586522421], [-4.62701969351161e-05, -0.00017696692182654267, 1.0]];[[-8.74671729578367e-06, -3.8609552996289584e-05, 0.03392775073691364], [3.808731487258499e-05, -6.304900863957203e-06, -0.034795979330914224], [-0.02622419804278519, 0.03979794881522092, 1.0]];463;210;6;;;434;4;;;431
11888.jpg;184;5;;;447;6;;;418;235;6;;;518;6;;;430;193;5;;;446;4;;;437
11950.jpg;194;4;;;451;4;;;433;193;5;;;439;8;[[0.7908756076612815, -0.10019347049905139, 29.039472909717663], [0.11836215513973959, 0.5184872115541737, 111.15924603268253], [0.00023671925511254525, -0.00035024293887418474, 1.0]];[[101.80622178487579, 700.8678115981936, -662661.0515298699], [-759.0406738176507, -78.8619580058155, 231468.08400816476], [724141.0075020989, -119887.59062789625, -42287513.712530196]];415;192;5;;;442;3;;;425
12008.jpg;189;4;;;434;6;;;598;223;5;;;442;4;;;438;202;4;;;457;6;;;431
12068.jpg;188;5;;;445;5;;;433;213;5;;;447;6;;;418;218;5;;;439;3;;;426
12125.jpg;181;5;;;455;5;;;443;235;6;;;444;4;;;467;226;5;;;450;6;;;428
12182.jpg;187;5;;;436;6;;;427;278;9;[[3.825039129773713, 0.26873819600198745, -689.1411954937718], [0.058518219589722836, 5.194418172707305, -2417.6624559631628], [0.000400038230334228, 0.002461236758194931, 1.0]];[[-3.018769373856672e-07, -5.954740564763742e-06, 0.004177487954894479], [5.399428488499296e-06, 1.728152979746751e-06, -0.0035423324704692873], [-0.004765737745205996, 0.0016052221070491195, 1.0]];450;6;;;429;231;5;;;452;5;;;433
12239.jpg;183;5;;;487;4;;;433;260;12;[[1.1688037351510685, -0.1464343041555637, 16.137683511245857], [0.17238429905128347, 0.9766495572882814, -334.44337700453775], [0.00019719160359436464, -0.00011765860647100913, 1.0]];[[1.2816965396478898e-07, -1.0077342757208706e-05, 0.009338560186699508], [9.760464009769431e-06, 7.870603616165603e-07, -0.004088828407081106], [-0.011554180612904853, 0.003192887503065131, 1.0]];438;5;;;430;216;4;;;513;4;;;440
12298.jpg;188;4;;;448;4;;;429;229;2;;;443;5;;;430;212;6;;;435;5;;;431
12323.jpg;157;4;;;449;4;;;430;204;4;;;504;5;;;429;196;6;;;428;5;;;434
12358.jpg;144;4;;;448;6;;;539;196;4;;;460;4;;;499;174;5;;;437;6;;;431
12422.jpg;152;5;;;440;4;;;435;192;4;;;453;3;;;430;188;4;;;447;5;;;443
12434.jpg;160;6;;;446;4;;;429;203;6;;;431;2;;;417;205;4;;;437;5;;;431
12491.jpg;183;4;;;448;5;;;436;205;6;;;434;5;;;432;207;2;;;450;6;;;426
12521.jpg;180;5;;;443;5;;;453;195;6;;;461;4;;;431;193;5;;;448;4;;;442
12569.jpg;180;5;;;448;7;;;454;208;5;;;451;4;;;433;189;5;;;440;4;;;440
12595.jpg;174;4;;;455;5;;;428;188;6;;;439;3;;;446;197;5;;;441;6;;;428
12662.jpg;193;5;;;446;7;;;431;179;4;;;493;3;;;462;216;5;;;449;5;;;426
12725.jpg;186;2;;;445;4;;;432;179;5;;;442;3;;;448;195;3;;;449;4;;;429
12785.jpg;180;5;;;454;5;;;431;176;5;;;444;7;;;434;188;5;;;464;4;;;437
12844.jpg;188;6;;;448;4;;;487;221;4;;;443;6;;;429;205;4;;;449;5;;;431
12901.jpg;197;4;;;486;6;;;434;225;6;;;441;2;;;429;184;4;;;462;6;;;424
12956.jpg;183;4;;;446;4;;;430;215;5;;;434;5;;;431;206;5;;;442;6;;;424
13013.jpg;163;4;;;443;9;[[1.113296563166672, -0.14385379066131923, -399.9426763398256], [0.03813167838928062, 0.8227313305249456, -171.4050544331309], [0.00021717619280520002, -0.0004574397684326009, 1.0]];[[2.3016745761381583e-06, -5.897879755274773e-05, 0.0075818970941472115], [5.145646564045931e-05, -1.605933065311048e-05, -0.020695098522246446], [-0.0197462225964888, 0.05369956703720905, 1.0]];432;228;4;;;464;3;;;424;191;7;;;433;5;;;421
13070.jpg;158;7;;;438;11;[[1.1792932766539939, 0.05113249860984861, -439.6942593101365], [0.04096820465081574, 1.0514374206163273, -265.50544573204326], [0.00011462255659960466, -4.495651750723053e-05, 1.0]];[[-1.7467745641222194, 414.10813181276956, -125078.59564724455], [-389.11410807189225, 21.75096588807892, 147513.18235479164], [207197.43749091603, -302112.4401189626, 9689592.787587523]];466;161;5;;;455;13;[[1.0366615736208984, -0.02132636542832654, -318.3721911328044], [-0.026205653710290985, 0.9679357621107255, -192.01492925968313], [2.085598548217717e-05, -3.745757485279657e-05, 1.0]];[[1.2161893357460834e-06, 3.740727682631589e-05, -0.014909331570598584], [-3.542127181883243e-05, 3.8016694916951463e-07, 0.018830814954068197], [0.02056111013522986, -0.03152272395356005, 1.0]];414;181;4;;;447;5;;;429
13126.jpg;167;5;;;445;14;[[1.0097393708123295, -0.0457243082875665, -227.71341740109452], [0.025189041375907783, 0.9224361242828357, -207.72344250075972], [3.237232826214139e-05, -6.941625744958859e-05, 1.0]];[[0.02816210251650686, 3.2850855101470424, -3707.7384998667458], [-3.315436032516165, -0.08505792303081666, 1321.967213880791], [4421.59434802026, -1950.4898921390698, 559896.4864952526]];423;171;4;;;449;11;[[1.3449051503635026, -0.07946648773324937, -388.14045393636195], [0.19567561707681028, 1.0131982689524004, -344.1130502301412], [0.000290131816241645, -0.00015114238568923364, 1.0]];[[-8.221112098705038e-07, 5.67967382553353e-05, -0.03455454659479572], [-5.3890917612432254e-05, 1.186584539327443e-06, 0.02898541290934649], [0.046819829481402585, -0.045982370694884124, 2.524597324132786]];419;174;4;;;452;8;[[-9.090708290781476, -1.685810085329329, 5811.601612120015], [-3.06801912058536, -4.96174700221306, 3705.9555077383025], [-0.006044816867122331, -0.0013231786354540548, 1.0]];[[0.10271843486283694, -2.9177179679463427, 1263.7348738587727], [2.5932753477530195, -0.3036469263566126, -1593.0929824572977], [-1877.6375320473103, 2848.17349886665, -46715.50267654145]];435
13183.jpg;137;5;;;511;7;;;419;177;4;;;439;16;[[1.3356304806459272, 0.00974452750784707, -427.78691986699914], [0.15418269411098082, 1.1868334145824715, -460.45844318220423], [0.0001348294605822247, 9.995649336054342e-06, 1.0]];[[-9.861090084375034e-07, 3.960159891525749e-05, -0.03396201259220245], [-3.8757374037015866e-05, -1.0910404837940396e-06, 0.025557146274127494], [0.0437274792580427, -0.03241978251636709, 0.5560361454152698]];600;179;5;;;453;5;;;438
13240.jpg;159;6;;;432;6;;;444;185;5;;;444;2;;;437;187;5;;;441;4;;;432
13295.jpg;157;3;;;441;6;;;423;156;6;;;429;5;;;438;199;4;;;448;4;;;467
13352.jpg;156;4;;;439;4;;;431;176;4;;;441;4;;;434;212;6;;;508;5;;;440
13408.jpg;170;4;;;586;5;;;425;171;5;;;431;5;;;428;185;4;;;445;6;;;438
13465.jpg;134;4;;;443;4;;;461;184;6;;;445;8;[[-0.9431306698484166, -0.08295366947150501, 266.30490157086325], [-1.3466640523640334, -0.9987320851746042, 1039.0803631409603], [-0.0019440742885399763, -0.0009031399248571252, 1.0]];[[-5.093304495847374e-06, 1.0484700867354187e-05, -0.005638233503749809], [-6.847674842719329e-06, 1.1429757476400847e-06, 0.0009510769261820125], [0.007655336720037187, -0.004410411555287708, 1.0]];427;187;4;;;437;4;;;437
13522.jpg;163;4;;;446;4;;;438;184;4;;;445;5;;;430;192;4;;;507;4;;;434
13580.jpg;173;5;;;444;5;;;431;192;4;;;440;5;;;429;223;5;;;455;5;;;569
13634.jpg;173;4;;;448;4;;;433;180;5;;;447;5;;;458;189;4;;;436;4;;;425
13672.jpg;157;4;;;437;6;;;428;181;4;;;448;4;;;548;178;4;;;513;2;;;516
13796.jpg;150;5;;;451;4;;;434;158;4;;;440;4;;;432;167;5;;;445;4;;;425
13916.jpg;167;6;;;449;6;;;441;189;3;;;444;5;;;433;192;5;;;446;5;;;421
14030.jpg;187;4;;;444;4;;;432;198;4;;;447;3;;;436;204;5;;;442;5;;;429
14102.jpg;174;4;;;454;4;;;436;190;2;;;449;4;;;435;201;4;;;446;4;;;436
14143.jpg;185;5;;;454;3;;;432;190;1;;;436;4;;;433;206;4;;;447;5;;;433
14255.jpg;182;4;;;439;4;;;434;174;4;;;449;2;;;435;197;4;;;436;6;;;424
14374.jpg;161;4;;;447;2;;;447;202;3;;;449;26;[[1.117088247939159, -0.358251348175941, -208.88251692302669], [0.09735298155583294, 1.075251990162655, -494.24598221040776], [-9.127924838683637e-05, -0.0001888201931885893, 1.0]];[[-1.753036899581344e-07, 1.5296804008578021e-06, -0.0004965074158284657], [-1.3298263471650396e-06, 2.466089697170144e-07, 0.0035777432122335345], [0.0012656651157123334, -0.003372172240488002, -1.3762941286130541]];414;180;5;;;445;4;;;439
14494.jpg;188;4;;;454;6;;;429;204;5;;;444;5;;;435;201;5;;;443;4;;;438
14611.jpg;193;5;;;449;5;;;434;205;5;;;478;11;[[1.416220688766986, -0.30331206634739294, -178.87802864847743], [0.36269944330848447, 1.5597055847867036, -872.7756734526554], [-5.08239087197945e-05, 0.0001946345429075228, 1.0]];[[16.633573941467034, -79.70611002653526, 55691.795247858834], [77.0536610877709, 9.684421777216393, -106515.81530581492], [-94959.64938889796, 85221.81269039359, 37807160.73696655]];428;191;5;;;445;6;;;425
14723.jpg;196;5;;;490;6;;;431;224;2;;;474;4;;;434;220;5;;;445;5;;;432
14836.jpg;213;4;;;448;6;;;432;239;4;;;441;3;;;435;234;5;;;447;5;;;440
14951.jpg;226;5;;;446;5;;;425;251;5;;;486;5;;;432;223;6;;;438;3;;;425
15068.jpg;215;5;;;500;5;;;421;249;6;;;442;4;;;439;239;6;;;476;5;;;427
1516.jpg;157;6;;;441;5;;;428;219;9;[[-1.4967471013662494, -0.4835271757175405, 1837.1899447891435], [-0.5248459521563239, -0.2016427279161858, 681.1723514532316], [-0.0008125719202401026, -0.0002650378320968675, 1.0]];[[-0.13617593317982823, 2.921728219945768, -1657.6551418591698], [-2.2937400462570956, 1.4116327314514354, 2995.277744547675], [2786.3806886764723, -3952.6432204999637, -2191235.3808123134]];428;53;[[0.9916785907907592, -0.16361019889050807, 234.68773205338516], [-0.048511371065377694, 0.8082057971770072, -164.34811793817562], [3.8827251624696346e-05, -0.0002222651099797785, 1.0]];[[0.07803861705098261, 1.0001888190529913, -772.3374583200708], [-0.9778310980870255, 0.08331843554514806, 1209.8374102320481], [851.4693897397547, -1088.6414592665508, -371501.75230334466]];413;183;5;;;441;5;;;432
15185.jpg;225;2;;;454;4;;;470;278;6;;;449;4;;;444;251;6;;;433;4;;;432
15304.jpg;249;3;;;448;4;;;428;299;4;;;440;6;;;447;266;3;;;485;4;;;432
1540.jpg;165;5;;;445;4;;;432;198;10;[[-3.0755579161015976, 1.8559015985324314, 793.2385391995307], [-2.561974229442925, 1.9073171108581435, 40.32004154661977], [-0.0027821476106154185, 0.001199428362831898, 1.0]];[[5.058156938848017e-08, -1.3628896511274233e-06, 0.0012927987192423718], [1.0995334747679865e-06, -1.5911823598762524e-07, -0.0015233157204840725], [-0.0013128681501831595, 0.001004475118368579, 1.0]];468;42;[[0.7915772871888027, -0.2803946976554355, 464.5457937002504], [-0.054934255864063676, 0.5478509776165559, 59.401468344353454], [2.1163725627705763e-05, -0.0002928160398856195, 1.0]];[[2.5667447663533534e-07, 2.1062828684396844e-06, -0.0027781882060442216], [-3.01476740858243e-06, 1.7487437650750286e-06, 0.009430676882200298], [0.0030854976968235233, -0.009678926759496208, -2.741938954553196]];414;209;4;;;448;5;;;430
15425.jpg;240;5;;;500;4;;;437;281;4;;;451;4;;;429;291;4;;;446;4;;;430
1552.jpg;212;5;;;508;4;;;442;269;4;;;441;2;;;434;224;5;;;435;4;;;429
15544.jpg;250;4;;;443;4;;;435;271;6;;;448;5;;;436;253;5;;;449;5;;;434
1562.jpg;200;5;;;458;4;;;432;245;2;;;438;2;;;430;219;4;;;455;5;;;429
15661.jpg;273;4;;;449;4;;;430;265;5;;;434;9;[[1.0864318449335613, -0.23175232406556162, -142.86657600138895], [0.08178988049651612, 1.090959528572293, -446.32150909630366], [-6.392709960665252e-05, -0.00011044814397471085, 0.9999999999999999]];[[-0.1915378277375538, 4.433594010994528, -1053.265222997039], [-4.336051223541762, -0.27418736988864106, 6436.442488827184], [2648.668712033622, -6033.894963281075, -2065872.2723388798]];425;235;5;;;446;4;;;438
15779.jpg;273;4;;;449;5;;;481;288;6;;;456;8;[[0.8079366429948912, -0.972819254798367, 393.22723022190513], [0.14330082957879892, 0.07779500008543036, 73.35019555476421], [8.123889231237999e-05, -0.0007531918579855442, 1.0]];[[1.254750587537722e-05, -0.00010515046977354973, 0.05420610740466636], [9.425826886277057e-05, -1.0636810093269215e-05, -0.12469888616632899], [-0.0950740538422395, 0.15144592252160172, 29.72922792216536]];434;261;3;;;455;4;;;437
1586.jpg;236;4;;;438;4;;;431;270;3;;;444;4;;;432;255;5;;;450;5;;;505
15898.jpg;297;5;;;442;4;;;431;287;4;;;463;1;;;502;244;5;;;455;5;;;431
16015.jpg;260;4;;;444;5;;;429;288;5;;;443;5;;;456;254;4;;;461;4;;;436
1607.jpg;207;5;;;451;5;;;451;256;4;;;439;6;;;435;249;5;;;443;4;;;434
16126.jpg;289;4;;;441;6;;;435;294;5;;;505;7;;;425;279;5;;;437;5;;;431
16238.jpg;251;5;;;435;6;;;425;282;4;;;454;19;[[1.200576312835342, -0.2764630093624698, -151.4996821879275], [0.1535072239138305, 1.1341065516844608, -574.3151866173234], [-9.425896452608621e-06, -0.00011860912242995599, 1.0]];[[6.010730591241202, -44.51275693135003, 38901.86666690082], [46.31125056361982, 4.875458765263971, -61456.584730511204], [-59390.4088271906, 50260.35724432763, 20131271.68970742]];425;254;2;;;449;4;;;425
1631.jpg;214;5;;;442;4;;;427;272;5;;;431;5;;;562;258;5;;;450;4;;;507
16349.jpg;256;6;;;440;5;;;426;283;4;;;438;23;[[1.2443608546518494, -0.22828233492204875, -222.22799408289225], [0.14408900980255848, 1.2053949197069473, -625.110994384935], [-1.2845037162625894e-05, -7.890804152969027e-05, 1.0]];[[4.852540244674519e-07, -4.125938435030302e-06, 0.002216421483378904], [4.131248900317142e-06, 6.775928456929962e-07, -0.001701747630427448], [-0.003943575034687988, 0.001781513968477437, 0.22923413862869957]];415;249;6;;;436;5;;;433
16460.jpg;250;4;;;445;5;;;447;296;4;;;444;5;;;429;251;3;;;544;4;;;439
1652.jpg;217;4;;;446;4;;;435;271;5;;;482;4;;;432;265;4;;;496;5;;;433
16570.jpg;247;4;;;443;17;[[1.2481114878500117, -0.20563499472727456, -268.00701784643405], [0.13001031417932785, 1.2334722583675588, -633.6011847519711], [-1.4526578800710415e-05, -7.31501455694832e-05, 1.0]];[[-0.028990679064464966, 0.2688199176882961, -166.410466885142], [-0.2771474540486635, -0.03418374452631304, 139.8906577148162], [279.19613961446004, -150.68197373603846, -17888.653360237935]];444;253;4;;;449;7;;;424;245;5;;;454;4;;;432
1661.jpg;213;4;;;441;4;;;428;265;3;;;445;4;;;428;255;4;;;436;5;;;426
16679.jpg;253;4;;;436;6;;;428;277;3;;;625;7;;;424;255;5;;;442;5;;;433
1676.jpg;220;4;;;446;5;;;429;266;4;;;447;5;;;430;272;4;;;436;7;;;426
16790.jpg;239;4;;;439;2;;;477;257;4;;;454;5;;;430;234;5;;;438;6;;;430
16901.jpg;263;4;;;448;4;;;429;245;5;;;439;5;;;437;265;5;;;452;4;;;431
1700.jpg;204;5;;;444;6;;;427;282;5;;;440;5;;;431;251;5;;;442;6;;;421
17012.jpg;250;5;;;440;4;;;433;265;4;;;442;7;;;424;269;2;;;450;5;;;432
17123.jpg;273;5;;;501;4;;;430;284;3;;;432;28;[[1.0739403540261887, -0.24561901781125656, -106.51468573033166], [0.09918600204343776, 1.084468746547711, -515.5615185050616], [-7.345769732908513e-05, -9.938870636384483e-05, 1.0]];[[-1.9541776989610008e-07, 8.181308068580699e-07, -0.001440454967889251], [-6.813059844888054e-07, 1.8251454207979524e-07, 0.003974818463850625], [0.0019040315418837731, -0.003355228067400171, -1.5206601173295748]];411;257;5;;;444;5;;;568
1723.jpg;204;5;;;439;4;;;432;280;5;;;437;5;;;431;248;3;;;450;4;;;445
17234.jpg;248;6;;;441;2;;;431;250;5;;;442;49;[[1.0798127463688132, -0.23394466789849303, -132.34010208650795], [0.09325986439168618, 1.0932557693829854, -506.32168858110214], [-7.044035342846137e-05, -0.00010030250617243283, 1.0]];[[-0.36170011710424266, 3.030084965157111, -1587.5185501661824], [-3.121759477251163, -0.49319336571530975, 1858.7800806025734], [2953.5908679597956, -1730.5826170418038, -475519.0429712087]];411;247;6;;;526;3;;;434
1726.jpg;205;4;;;451;5;;;432;245;1;;;448;5;;;510;242;5;;;439;4;;;444
17347.jpg;279;4;;;450;7;;;424;248;5;;;433;56;[[1.0987040442646294, -0.23800453568950122, -161.1266784955582], [0.10513425752632716, 1.0902572783267008, -507.20901547385233], [-5.6550178614871e-05, -0.00010837878168604406, 1.0]];[[2.9199684185852543e-08, -1.365448704714621e-06, -0.0015746137123577924], [1.0092460057145804e-06, -1.3860009988370897e-07, -0.003708789182665778], [0.0005941688852880596, 0.003812764888089796, 2.013746766335269]];412;253;3;;;443;6;;;426
1745.jpg;217;5;;;451;5;;;427;260;5;;;460;6;;;430;234;5;;;445;5;;;432
17459.jpg;224;3;;;456;17;[[1.1339545838093585, -0.21193059888464508, -212.3160416047134], [0.097029064678439, 1.1372209319039144, -532.9911804163353], [-5.513673532091421e-05, -8.184890208548875e-05, 0.9999999999999999]];[[6.971006659618526e-08, -1.0491706158529017e-06, -0.00042637299367106855], [8.417009175715726e-07, -1.720732394227181e-07, -0.004121301583257387], [-0.0003341736555786, 0.00384028860491097, 1.9462098373840218]];439;241;5;;;520;50;[[1.1092612563696862, -0.22302878561662592, -189.28585000960973], [0.09821667185717124, 1.1037851928318605, -507.704336020865], [-5.611964059304103e-05, -9.864727739767375e-05, 1.0]];[[-4.8480469342251e-07, 6.039942465902226e-06, -0.00011369649725007092], [-5.760345264641986e-06, -6.373563566684231e-07, 0.00624629975875411], [0.0031452695896014506, -0.006476473807641013, -2.6945172666469412]];411;229;4;;;491;4;;;433
17570.jpg;259;5;;;472;5;;;437;251;4;;;443;23;[[1.041838240901108, -0.24061496203396077, -157.57186289826683], [0.08589240680210872, 0.997463258433745, -424.419057930782], [-5.24411849199227e-05, -0.00014899741115227897, 1.0]];[[1.8740615024719398, -16.472692768000766, 8791.579846577519], [16.929889207371165, 2.4460178263621097, -9801.293684694741], [-15901.226905055506, 10185.00629600945, 1842713.5632539932]];415;253;5;;;445;5;;;438
17684.jpg;262;6;;;444;5;;;525;239;5;;;437;9;[[1.7132507280980456, -0.0645464907492757, -525.9437487003597], [0.16981813824329067, 1.89882581845138, -902.4887296692569], [1.3897696897710224e-06, 0.000640744914853365, 1.0]];[[4.697518701493098e-06, -4.65598218699843e-05, 0.007378223456018895], [4.8104990645527726e-05, 5.469758709711566e-06, -0.014123551558135565], [-0.029502239024665054, 0.022292199895240734, 3.8926442787131905]];411;256;4;;;446;5;;;432
1769.jpg;212;5;;;458;6;;;492;248;5;;;455;5;;;440;221;4;;;440;5;;;433
1775.jpg;193;5;;;442;4;;;438;228;5;;;440;5;;;429;229;4;;;446;5;;;439
17795.jpg;247;4;;;439;6;;;421;233;5;;;436;4;;;430;238;4;;;440;4;;;434
1790.jpg;218;4;;;446;4;;;447;247;5;;;472;4;;;443;230;5;;;465;5;;;438
17906.jpg;233;4;;;461;3;;;430;253;5;;;490;20;[[1.1474997727491278, -0.2362288178856373, -261.2467146848292], [0.10874318388601739, 1.1402578384888666, -554.8730087615568], [-2.0259527541825376e-05, -0.00012607502544081746, 1.0]];[[7.128688434603194e-08, -1.0605226076499398e-06, -0.003113493556017712], [7.029933753028492e-07, 1.9428551850737456e-08, -0.001161233054359212], [0.0020340553959297502, 0.0017891712221200058, 1.5262010212855222]];414;238;3;;;444;5;;;433
17944.jpg;251;5;;;439;7;;;424;257;4;;;453;23;[[1.0997354277142906, -0.255731060158553, 43.72364880746346], [0.1117759578810488, 1.0619212334758916, -391.85537756925265], [-1.322908890452983e-05, -0.00018112971293417711, 0.9999999999999999]];[[2.629479772767735e-07, -3.3331889074405493e-06, -0.0014947972331578038], [3.1081507049576284e-06, 3.646693030376445e-07, -0.0025578872197407434], [-0.0001381354021424273, 0.0024024844206019208, 1.0328303710750004]];423;216;2;;;499;5;;;437
18019.jpg;237;5;;;436;3;;;431;237;4;;;436;5;;;431;191;5;;;450;4;;;453
18134.jpg;268;5;;;467;4;;;425;269;5;;;434;5;;;441;214;5;;;446;4;;;433
1814.jpg;204;3;;;442;5;;;426;223;4;;;439;4;;;435;198;5;;;446;4;;;425
1825.jpg;177;5;;;597;3;;;442;234;4;;;451;4;;;428;212;4;;;449;4;;;435
18250.jpg;233;5;;;492;2;;;440;258;3;;;440;15;[[1.0697646902774605, -0.2634692955454704, 64.42775227322012], [0.09558607975836327, 1.0035051150552265, -412.3567236053259], [-1.4370336615412507e-05, -0.00016668327010764948, 1.0]];[[-3.3286671403594933e-07, 3.5672245894054633e-06, -0.0007775482267861533], [-3.3525551298752722e-06, -2.6677327908345212e-08, 0.005614578405647696], [0.0024747150885995753, -0.0050806231738828025, -2.2371091642459717]];428;209;5;;;447;4;;;426
1835.jpg;182;4;;;436;5;;;424;228;4;;;435;5;;;430;194;4;;;478;4;;;424
18365.jpg;256;2;;;440;12;[[0.9750947950824105, -0.2349468196609932, 55.347042749881766], [0.06803315947995807, 0.9216854160920968, -368.91948807759485], [-7.959062897532415e-05, -0.00019168897868488533, 1.0]];[[-0.016490460631943652, -0.0315751267998929, -122.89293790784825], [-0.02276880503128144, -0.04021203302331563, -233.43147787700258], [118.29990724856384, 268.1168477425927, 98018.41519619648]];461;250;3;;;496;5;;;457;206;4;;;446;6;;;428
18479.jpg;234;6;;;437;4;;;438;222;5;;;445;7;;;440;196;4;;;451;5;;;438
1859.jpg;167;5;;;446;4;;;433;225;4;;;446;5;;;499;218;5;;;444;4;;;469
18593.jpg;217;2;;;447;4;;;432;233;5;;;448;9;[[0.9272602225514641, -0.2455633901783237, 92.11493666335653], [0.02589315387932287, 0.8769132278512255, -274.166380216411], [-9.790719668341301e-05, -0.00014772105188336345, 1.0]];[[0.29645117710420754, -2.8529213239278524, 1953.3429106332237], [2.9474836399015922, 0.6890852955352325, -916.3530801016605], [-2942.8609845929277, 168.6975746164493, 315239.6529882847]];420;189;5;;;438;3;;;429
1868.jpg;178;4;;;517;5;;;438;247;4;;;460;4;;;431;232;5;;;439;5;;;432
18707.jpg;221;5;;;459;8;[[0.007940161095164263, 1.7508943037024465, 30.137392452108966], [-0.7230560087796131, 2.381258670045237, -309.0178018206658], [-0.0008419780605638221, 0.0014098183934737685, 1.0]];[[-2.8044348723331085e-06, -2.451866879627146e-06, -0.0028668080237971216], [6.0840122530835335e-06, 5.91906353846528e-07, -0.008907697447306817], [0.005510888022102188, 0.003370102800282738, 1.0]];430;230;5;;;451;16;[[1.0978385546393334, -0.24094545606124507, -4.439566446803317], [0.10701722458655455, 1.065253898555863, -452.5565456642276], [-2.514272029031442e-05, -0.00011702676730703317, 1.0]];[[1.974696024422885e-07, -1.7463854293871151e-06, 0.0008212134282235906], [1.7720649967554429e-06, 1.3196289970264703e-07, -0.002568283255015301], [-0.0016825540592659497, 0.002162405350915057, 1.0]];428;186;4;;;441;6;;;434
1880.jpg;206;4;;;443;4;;;431;248;4;;;437;5;;;435;230;4;;;444;6;;;423
18823.jpg;223;3;;;444;13;[[3.0331269571273913, -0.5892590344485753, -960.2831234926133], [0.5452922879520148, 2.1495424884568, -1338.877681594716], [0.0006702835674907882, -0.00014250836314650726, 1.0]];[[-177.14081635075308, 20989.086687099723, -16387029.006427202], [-21801.22655471001, -3301.806486069816, 29122706.934818223], [20536673.79819569, -21081949.728971675, -8297338931.534657]];412;251;5;;;440;22;[[1.012784393613212, -0.24531389195751677, 30.849506557613328], [0.08074971405837368, 0.9810709236562396, -389.1238357971897], [-5.5330631177983354e-05, -0.00013185695953615669, 1.0]];[[4.101659789524567e-07, -2.937195271345686e-06, 0.003237407458684938], [3.190071552854988e-06, 4.775801669853661e-07, -0.0024377807144560556], [-0.004414187513898258, 0.0015620471924671264, 0.7409498721622967]];416;188;4;;;465;5;;;433
18937.jpg;217;4;;;473;6;;;423;247;5;;;429;15;[[1.0869937706006292, -0.25862752792695404, -16.374160136567603], [0.1016097111781003, 1.0272942350148981, -431.6457199090154], [-3.0514204100730037e-05, -0.00012992947740042533, 1.0]];[[4.019166919976162e-07, -3.405606697558387e-06, 0.0032631806171399217], [3.552217662982855e-06, 5.352382118311947e-07, -0.002228613848119588], [-0.004427624964883598, 0.0015841177086754594, 0.4946362336353074]];416;179;7;;;440;5;;;424
1904.jpg;195;5;;;499;4;;;452;264;4;;;447;6;;;428;250;4;;;440;4;;;427
19052.jpg;211;4;;;516;4;;;489;235;4;;;472;19;[[1.088634895794476, -0.2802690412655885, -42.24883500851379], [0.12051241715310071, 1.0005925936595588, -420.35522801712165], [-1.9156052745818212e-05, -0.0001519719475726605, 1.0]];[[3.5171303288857447e-07, -2.7946560370337197e-06, 0.0034286165235728186], [3.036182008596503e-06, -7.745478353238631e-08, -0.006251688226325134], [-0.004720600405809058, 0.005295550858205816, 2.005085117740883]];434;190;6;;;428;4;;;423
1906.jpg;198;6;;;430;4;;;431;280;6;;;437;4;;;419;253;5;;;449;4;;;436
19166.jpg;198;5;;;500;8;[[1.1831393180595349, -0.21139127847572295, -170.74282222553163], [0.11544812108005327, 1.10990596615202, -476.143241328639], [1.1461660024814373e-06, -0.0001123895885829432, 1.0]];[[-0.43047812260593465, 2.814988265465321, -4077.1032629631763], [-2.8972566664852883, -0.23564121275886718, 3289.810413268994], [5027.495781625801, -2803.158351967561, -562729.4596979494]];427;209;4;;;439;5;;;510;190;4;;;473;5;;;431
1925.jpg;198;6;;;436;5;;;444;259;3;;;452;2;;;425;201;5;;;438;4;;;434
19283.jpg;167;5;;;449;4;;;418;190;4;;;441;7;;;421;171;5;;;440;6;;;430
1939.jpg;224;4;;;445;5;;;433;261;5;;;437;6;;;426;243;4;;;438;4;;;436
19397.jpg;174;4;;;446;15;[[0.19199469853324053, -0.141856749741287, 464.66465873565295], [0.013204696694831106, 0.6139066604733726, -212.20688878030813], [-0.00036821607965627706, -7.419549398666293e-05, 1.0]];[[3.3921533441086706e-06, -2.624920465512212e-05, 0.0009557963523260242], [2.871809313179748e-05, 3.2737909652355824e-06, -0.0283481137581156], [-0.01727838798434781, 0.024364026855902315, 12.800371179076866]];440;186;5;;;442;33;[[1.150632723716413, -0.22076165220147248, -151.2585324770209], [0.11667738538264534, 1.0768466716578242, -483.59160905901484], [-1.0665075599236649e-05, -0.00011193430965140222, 1.0]];[[9.44253269377457e-07, -1.0669053852198256e-05, 0.008086795870177865], [1.086064321471879e-05, 1.2334795719222893e-06, -0.009832841478396387], [-0.011930268823952716, 0.008818571335923744, 2.3596999358767885]];412;164;5;;;448;14;[[0.4762347699836073, 0.354567653090469, 69.46415389044772], [-0.13781108974950843, 0.8729368521825073, -127.42653820484328], [-0.00041442627474332745, 0.0003534409822326845, 1.0]];[[6.335067288012561e-07, 8.728396135806677e-07, -0.0014994823729945377], [-4.6409393120863516e-07, -5.2570979370870656e-09, 0.0003767323648730819], [-5.536797412416961e-05, -0.000839779259615331, 1.0]];537
1949.jpg;229;4;;;504;4;;;430;247;2;;;487;4;;;434;245;5;;;527;4;;;439
19511.jpg;138;5;;;439;23;[[1.0671891279378585, -0.23337017979397004, -74.35380246850958], [0.09500877941946102, 1.035153399092281, -448.922151074615], [-4.299675281642961e-05, -0.00011074420267958886, 1.0]];[[-0.11991044151540808, 1.23252837418084, -503.3294391282519], [-1.209998328263338, -0.11347193385654014, 1556.5380864670278], [1069.0786640979704, -1438.3171767567987, -561816.8791979922]];412;127;5;;;442;45;[[1.2279364215694653, -0.2364246643873405, -170.7947960523997], [0.14330661531506192, 1.139127668123281, -544.3137475650062], [1.8740342120026302e-05, -0.00010473858856854026, 1.0]];[[-7.308792179921112e-07, 8.740294328441464e-06, -0.007668447861921752], [-8.558523609132896e-06, -8.87454300051312e-07, 0.008821927969151664], [0.010274983741320222, -0.008067244483090874, -1.8669509326165183]];406;134;5;;;445;25;[[2.219376178140958, -0.18969406038878925, -854.2630932663448], [0.288818434474292, 1.691176993894195, -905.1760215764381], [0.0003470804889376935, -2.926589208907449e-05, 1.0]];[[-2.9865491575416307e-07, -1.0376043192261356e-05, 0.00988042563794961], [9.06426540978081e-06, 7.859462183661913e-07, -0.00930891504961278], [-0.009677854009195354, 0.009946670124579735, -0.03763441893742758]];426
19625.jpg;144;4;;;441;21;[[1.1363360533976103, -0.23471354615520584, -122.14914610356803], [0.12411059479021884, 1.0788566073395096, -490.4571557127982], [-1.7833865127967454e-05, -0.00011000635666670054, 1.0]];[[-3.750471293907525e-07, 3.1640089207777154e-06, -0.0007158177705780336], [-3.2209675422062232e-06, 1.0796498753833856e-07, 0.008065884497888634], [0.002868462618056724, -0.007293501539085649, -3.403399342057221]];423;139;5;;;433;51;[[1.0628302821445457, -0.23041555711317335, -77.68593596458058], [0.09906797047731318, 1.0386080545083531, -450.307105752322], [-4.618960746451767e-05, -0.00011047836128870607, 1.0]];[[-4.227667120638803e-08, -8.566719729808113e-07, -0.002889203363986009], [5.502726836512812e-07, 3.822638249682378e-07, 0.0021785380582038045], [0.0024769769114346093, -0.0013920142903363227, -0.43447394088439584]];388;132;6;;;452;28;[[1.1081151204294852, -0.24346595241402144, -95.39087124674812], [0.11574354545083575, 1.0554543050176273, -469.4664093714383], [-2.0521683333315112e-05, -0.00012097027618011243, 1.0]];[[1.169817274797157e-06, -1.155407788016205e-05, 0.0012323884484254297], [1.1160730860946914e-05, 1.3047760347475429e-06, -0.010629199404306223], [-0.006896768070321987, 0.010541671521593141, 4.290635916819587]];400
1970.jpg;214;5;;;453;5;;;436;254;4;;;437;4;;;432;241;5;;;434;6;;;419
1973.jpg;199;2;;;439;5;;;427;230;4;;;501;5;;;433;232;6;;;466;4;;;430
19741.jpg;136;7;;;436;17;[[1.171873748355791, -0.2352749112941217, -142.85501183724696], [0.09948111288941136, 1.094904449272712, -465.98061529614296], [-2.540825803740945e-06, -0.000115103360399496, 1.0]];[[-3.909708026738673, 35.083494684391056, 1083.1676839760767], [-31.542331226161508, -2.209697833443812, 37965.361624168916], [17393.196616037814, -40637.352840125204, -16646503.070331803]];416;140;5;;;441;39;[[1.2750690785982286, -0.244912610594165, -207.33682034388593], [0.1685677866582628, 1.1390469641086491, -556.9806818647553], [3.693670066959498e-05, -0.00011957998832465377, 1.0]];[[-6.87776348627832e-08, 8.452109515189654e-07, 0.0008427291731638199], [-7.284508076636117e-07, -4.830193447576577e-07, -0.002995920936853661], [-0.0006330661921958513, 0.0025040156735871458, 1.0907305173702864]];408;124;7;;;462;25;[[1.206609038948463, -0.23473518555726455, -159.86153833040996], [0.14885145572683003, 1.1197318877487026, -529.129025074806], [1.4100509836166534e-05, -0.00011322064694759096, 1.0]];[[2.722875718833326e-07, -2.230886413130027e-06, -8.722645082295593e-05], [2.1475614564993297e-06, 1.8460544236600775e-07, -0.002230932629393861], [-0.0011600898378086024, 0.0022639755418274532, 1.0]];417
19856.jpg;135;6;;;437;14;[[1.449370346974786, -0.2225241818223179, -302.03200498723817], [0.231937647295195, 1.3062598740326683, -714.9633330380105], [0.00010149987677198, -8.331179182313148e-05, 1.0]];[[6.953667888875454e-07, -3.997730997240136e-06, 0.005913481288819664], [4.382882835271147e-06, 3.4184819143410387e-07, -0.0058463875113930214], [-0.007691681434034455, 0.004541289773384843, 1.5799987449068906]];449;112;5;;;438;31;[[1.1310908172912173, -0.22263198113490307, -111.84488309303875], [0.10889121927865344, 1.087426231674348, -487.8156780093122], [-1.9637041079355085e-05, -0.00010429708260065026, 1.0]];[[2.521706353390855e-07, -1.8008882486684724e-06, 0.004653022400033242], [2.0880892086757546e-06, 8.784385900851152e-08, -0.003747007056256006], [-0.00507256841122384, 0.002755604435577734, 0.7347008953926166]];413;128;4;;;444;10;[[-2.64024318816102, -0.3968178267645165, 2387.094708218996], [-0.4862626836138091, -1.0473723318007133, 944.0496440770817], [-0.0013388497834999366, -0.00038104136780330765, 1.0]];[[-14.836151580751041, -62.81785682160727, 57569.446216571996], [37.261833098946056, -1.0915753039680745, -34855.88798494474], [-19515.887573008127, 65286.60608334244, -26445625.00833667]];430
1997.jpg;224;4;;;447;3;;;431;251;5;;;553;4;;;436;226;4;;;442;4;;;440
19970.jpg;154;4;;;444;12;[[0.9405304686968095, -0.2539560821093905, 48.109072024631395], [0.10408596602255103, 0.9592215437184215, -431.0292023457374], [-8.071376634298953e-05, -0.00013358896230904156, 1.0]];[[2.18281938558613e-06, -2.0215236562435265e-05, 0.00696537053045631], [2.0012270355171248e-05, 2.114085746646637e-06, -0.022613696605961468], [-0.016877928124543043, 0.020345775065774854, 8.863623537315416]];419;114;6;;;444;25;[[1.1819893847036822, -0.22040246859525522, -118.93871793974647], [0.12249201162532318, 1.1209851959671346, -511.8558281690157], [-2.650210868562414e-06, -9.722686726620359e-05, 1.0]];[[8.530389122988839e-08, -1.4045735433371855e-06, -0.003770428066949471], [8.105029681761018e-07, 2.249032193586022e-07, 8.550730344972376e-05], [0.0027222864761379663, 0.0008659044351915923, 0.5796257420856348]];405;147;5;;;478;7;;;419
20084.jpg;131;5;;;459;4;;;427;131;6;;;478;28;[[1.108144588009959, -0.2219967161721662, -60.029772872629074], [0.11617843142673556, 1.0856159766687228, -486.10669315288874], [-4.073355259062639e-05, -8.857318276950261e-05, 0.9999999999999999]];[[-8.090481968136159e-07, 6.759072521954069e-06, -0.002545325354648258], [-6.6653322072689575e-06, -3.677592485901801e-07, 0.011657633136788947], [0.006248279533196632, -0.010282704261221742, -4.742116584658326]];408;141;4;;;433;10;[[0.7311136516459569, -0.1501190367359165, 150.1460227036033], [0.01608787684901974, 0.9434713360263013, -339.64849757451606], [-0.0001918581459277028, -4.911895597141253e-05, 0.9999999999999999]];[[9.285187387127669e-07, -1.3289228154504315e-05, 0.004429744886894179], [1.286846622730741e-05, 1.4628665012701435e-06, -0.01474711673148137], [-0.00959125436013642, 0.013316046620923554, 5.082754807451679]];407
2020.jpg;223;4;;;441;6;;;435;250;4;;;457;1;;;526;272;3;;;444;2;;;433
20201.jpg;130;4;;;453;10;[[1.6121820937534697, -0.39691196562507325, -263.46460651204495], [0.22164844137639853, 1.2796750215361996, -643.6528379186824], [0.00024210893891839198, -0.00024134246812310456, 1.0]];[[3.4092257021818517e-07, -2.3043175396488708e-06, 0.0004439365738821162], [2.192623295511773e-06, 2.46096380134253e-07, -0.0023551607675422895], [-0.0017005366000937949, 0.00219932587154558, 1.0]];453;117;6;;;420;25;[[1.1037987912423919, -0.24960418501628248, -44.321305145275495], [0.1285810232281757, 1.0575157542074543, -476.1931386422266], [-2.8177440491859864e-05, -0.00012205479918624707, 0.9999999999999999]];[[-9.51714977437836e-07, 7.300102631574083e-06, -0.0006423684887661731], [-7.134254841028917e-06, -1.1802973269822484e-07, 0.013476959003414096], [0.005314744471584402, -0.012304276747676566, -5.906387837630095]];446;123;4;;;455;11;[[7.036164474650942, 0.6875781549253703, -3866.8553181750344], [1.2066335270711044, 5.252477408742105, -3254.5791518475653], [0.0018377562826484848, 0.0011710222065231773, 1.0]];[[2.7817854196861767e-07, -3.3170789100349277e-06, 0.000850284013779146], [3.1574741650677224e-06, 5.299447163963331e-07, -0.002787605158557357], [-0.0021909847789146814, 0.002500177067337831, 1.0]];413
2026.jpg;215;4;;;438;7;;;429;251;4;;;539;5;;;432;254;5;;;447;4;;;429
20317.jpg;102;4;;;445;14;[[-5.657720450766095, 0.6542815392426611, 3252.8207513680923], [-0.8189735043918771, -2.224590133010748, 1535.7625864050808], [-0.0031701998553435784, 0.00036524890411927645, 1.0]];[[3.000529110559793e-06, 1.363967006494074e-05, -0.009097249447687372], [-1.702257079740267e-05, -1.5305963899558218e-06, 0.02057913259774533], [0.008497534542439112, -0.01469465307307902, -3.9485539503561]];418;113;4;;;441;36;[[1.1320923311105693, -0.27593132624450256, -29.298197416860383], [0.12032990539801872, 1.0526511904439766, -463.0257966988953], [-3.5442342742282884e-06, -0.00014482894658639973, 1.0]];[[0.11720724095896136, -1.1448570963354647, 307.6331181121974], [1.0867926474968113, 0.312104065971349, 263.11994428197], [-695.9599384493491, -260.64045503725856, -154095.59101043854]];410;117;5;;;440;4;;;435
2042.jpg;196;4;;;440;4;;;436;237;4;;;444;5;;;436;289;4;;;441;2;;;440
20432.jpg;121;5;;;442;10;[[4.465659422700232, -0.6445724386492564, -1598.2084171212286], [1.4489008752163277, 2.697274951828738, -2297.304278365898], [0.0015212796892563592, -0.00028028168033219, 1.0]];[[-7.860453909362623e-07, 1.644440870437802e-05, -0.011221672473804426], [-1.4698891823697018e-05, -1.523655699874591e-06, 0.01854357219792043], [0.014605449652988807, -0.017012522366360784, -4.733841988015127]];419;125;5;;;490;29;[[1.0326999536976582, -0.24899036174311379, 28.22426731796136], [0.10215851592473249, 1.0092928167540323, -434.01976014029725], [-6.0303590874346123e-05, -0.0001199635853718027, 1.0]];[[3.26887689007341, -30.3697944740204, 8399.691434085482], [28.69064055493152, 2.8776769395019475, -34831.79014722259], [-22519.701193453693, 31565.890247661562, 13711848.024946347]];443;128;5;;;442;9;[[-5.604713424093347, 0.1997979777093775, 3503.128387941957], [-1.0560527168314575, -2.491276341410647, 1947.897147127752], [-0.002813789702319644, -0.00010385263107251415, 1.0]];[[-2.5583811334204625e-06, -3.1434163237835525e-05, 0.017276380817686326], [3.0064018521949337e-05, 3.71383251033642e-06, -0.03311444380802619], [-0.018801938045466232, 0.028958589334828724, 6.175475150470616]];432
2054.jpg;225;5;;;455;4;;;430;230;6;;;518;4;;;434;276;4;;;498;6;;;424
20546.jpg;125;5;;;447;5;;;436;111;3;;;500;35;[[1.2861851191449403, -0.2809295627198628, -83.1964740883792], [0.1729417459616254, 1.1485263896967075, -528.0220286276826], [5.974209507343551e-05, -0.00012003974572247862, 0.9999999999999999]];[[2.40162563430229e-07, -5.058524973019496e-06, 0.004494468080530228], [5.035444332413445e-06, 8.39232151505236e-07, -0.004372959492205892], [-0.005561920107509359, 0.0032253039535917443, 1.0]];441;150;4;;;444;11;[[1.3050521820499943, -0.3455040733495566, -141.40992260607223], [0.15508205434390415, 1.0110829421074266, -459.12196400700174], [1.879912992701428e-05, -0.00017901828334026583, 1.0]];[[1.3699598175179622e-07, -1.328702295351927e-06, 0.0006110980898798284], [1.0422343533156167e-06, -1.919607033187064e-07, -0.0029189485834985405], [-0.0011213032492912948, 0.003011109369441437, 1.0]];421
2066.jpg;213;5;;;448;4;;;441;252;4;;;445;4;;;461;271;5;;;441;4;;;436
20660.jpg;144;3;;;445;5;;;429;145;6;;;433;19;[[1.0174409096964132, -0.24312578828029238, 7.325604587534888], [0.0885267086887573, 0.9898699719601844, -399.54339546161594], [-5.816367133917343e-05, -0.00012165529711987551, 1.0]];[[1.6727005988113258e-09, 5.030631452742842e-07, 0.0015053464395469029], [-3.4853900857396575e-07, -4.5220169910366996e-07, -0.002855095534834022], [-0.0014305355983562698, 0.0024156999765196576, 1.0026253980661544]];408;156;5;;;438;4;;;431
20776.jpg;215;4;;;446;2;;;426;216;3;;;441;19;[[1.1202295248006344, -0.2447731256156994, -65.3642155625553], [0.13293397729818968, 1.077860833921099, -495.0122895551363], [-1.3937169750648258e-05, -0.00011467148565088321, 1.0]];[[-2.2630022007400758e-07, 1.7093029162976843e-06, -0.0032294130298492754], [-1.934608063099886e-06, -2.1939068976932786e-08, 0.004382337348245527], [0.003948857264110143, -0.003406556741690147, -1.4006781688244234]];421;167;4;;;450;4;;;458
2081.jpg;233;5;;;489;5;;;440;251;5;;;455;5;;;428;289;5;;;442;6;;;421
2089.jpg;251;3;;;447;4;;;432;241;4;;;448;3;;;436;271;4;;;442;5;;;431
20890.jpg;210;5;;;446;13;[[-2.7610487756626148, 0.6960544685263298, 2913.0037225962164], [-0.6517589094697447, -0.565345169225828, 1130.773137726369], [-0.001173097874482738, 0.0004019128067949304, 1.0]];[[1.8952533327646025e-06, 8.568536376619342e-06, -0.009269571087775404], [-9.640522825967882e-06, -1.2414060832900706e-07, 0.016945801947884125], [0.004955187298743853, -0.013907552028799723, 1.0]];416;211;3;;;437;6;;;439;181;4;;;571;5;;;439
21004.jpg;220;5;;;445;4;;;432;234;4;;;473;6;;;416;185;5;;;532;5;;;436
2110.jpg;240;4;;;447;5;;;429;267;4;;;453;4;;;427;288;5;;;473;4;;;438
2111.jpg;239;4;;;446;1;;;432;268;4;;;433;5;;;441;280;4;;;446;4;;;451
21116.jpg;222;4;;;449;5;;;441;246;4;;;440;4;;;429;219;5;;;482;5;;;427
21230.jpg;230;4;;;444;6;;;428;256;6;;;431;5;;;442;232;3;;;524;6;;;429
21344.jpg;250;7;;;444;0;;;430;241;4;;;436;16;[[1.1752693788897992, -0.2438536788337938, -136.98164062867278], [0.12137638992713512, 1.094036128034148, -509.7097566704442], [-8.78494332627951e-06, -0.0001144867284979142, 0.9999999999999999]];[[2.508536139835139e-07, -2.523831756187884e-06, 0.0016092464676136023], [2.508952068145965e-06, 2.898085541407963e-07, -0.003044212039558572], [-0.0026492446783525306, 0.0026480912705872245, 1.0]];422;217;5;;;456;4;;;446
2135.jpg;234;4;;;436;6;;;432;293;3;;;441;4;;;436;278;4;;;437;4;;;434
21455.jpg;240;3;;;446;4;;;512;281;4;;;452;5;;;437;249;6;;;440;6;;;437
21566.jpg;267;3;;;444;4;;;467;256;3;;;448;21;[[1.102922458265607, -0.2375521425805996, -76.70590811185991], [0.11621737081973181, 1.0855876674489815, -519.1066950218379], [-4.281320640602327e-05, -9.762923520809865e-05, 1.0]];[[-1.140116201451154e-07, 1.3031834504495381e-06, 0.0007794764727034847], [-1.0564881106746105e-06, 2.9467436989152425e-07, 0.005847346571862548], [0.00040024322839412175, -0.00547428155739332, -2.8414092250967324]];490;216;5;;;450;4;;;422
2158.jpg;220;4;;;447;6;;;427;260;5;;;436;5;;;427;244;5;;;438;6;;;431
2162.jpg;218;5;;;450;5;;;547;248;5;;;444;3;;;427;262;6;;;441;2;;;433
21677.jpg;264;5;;;447;6;;;436;261;2;;;435;1;;;425;229;5;;;445;6;;;422
21788.jpg;260;5;;;437;6;;;435;265;4;;;442;4;;;430;227;5;;;454;5;;;427
2180.jpg;192;4;;;442;3;;;432;245;4;;;436;5;;;430;245;4;;;444;4;;;432
2186.jpg;180;4;;;438;6;;;434;218;4;;;437;3;;;430;234;5;;;455;3;;;436
21899.jpg;250;6;;;460;6;;;424;265;4;;;435;24;[[1.1514243294518045, -0.21386900681230794, -174.938092824664], [0.1113448869675821, 1.136196836371656, -526.5340411754698], [-3.660394114342763e-05, -7.835581462749837e-05, 1.0]];[[3.011107539037837e-07, -2.3775669234282652e-06, 0.0024646808410221438], [2.5156592037076497e-06, 4.862758021349581e-07, 0.00020541780509965692], [-0.003157883305165997, -0.00018907865317774556, -0.6799454260185467]];421;235;3;;;444;6;;;427
22010.jpg;243;2;;;496;14;[[1.1277975553498654, -0.19888405603622786, -189.5662323392651], [0.087193422698832, 1.1373901744606825, -504.0886312887665], [-4.494591181817597e-05, -7.485319583611854e-05, 1.0]];[[1.3002122632204922e-06, -1.1971639373109901e-05, 0.008530419658686061], [1.2257104866125674e-05, 1.3218788274162298e-06, -0.012375913254534188], [-0.013519070099128411, 0.01138907897302493, 3.209388535922008]];415;255;7;;;429;6;;;425;232;5;;;499;6;;;431
2204.jpg;185;3;;;442;3;;;434;218;5;;;500;5;;;434;215;4;;;443;2;;;425
2212.jpg;181;7;;;516;3;;;453;222;5;;;452;4;;;434;258;3;;;450;4;;;532
22121.jpg;259;5;;;440;6;;;432;266;5;;;457;5;;;430;251;4;;;444;6;;;425
22232.jpg;266;5;;;439;6;;;426;270;5;;;486;6;;;424;249;0;;;451;5;;;427
2225.jpg;201;4;;;478;6;;;444;242;4;;;438;5;;;421;229;4;;;442;6;;;428
22346.jpg;233;5;;;447;6;;;503;300;5;;;441;6;;;434;256;5;;;444;4;;;432
2237.jpg;189;5;;;442;5;;;428;204;6;;;434;6;;;432;201;6;;;553;4;;;435
22463.jpg;252;5;;;513;5;;;432;278;5;;;434;9;[[0.9582044338162669, -0.2857227256309858, -27.573995758865408], [0.07911093779073487, 0.9243892984821888, -255.38508800320503], [-8.914769446104324e-05, -0.00011766948563199533, 1.0]];[[-0.2534360694714866, 1.8023302051159436, -1075.8802312160608], [-1.6949009676012576, -0.36183901532909984, 2023.4698766145582], [1679.5089360676513, -1746.773847241603, -441839.5733234509]];425;266;5;;;496;5;;;423
2249.jpg;182;4;;;448;4;;;452;197;4;;;472;4;;;432;172;4;;;436;5;;;466
22589.jpg;259;4;;;518;5;;;429;277;2;;;436;7;;;452;242;4;;;438;5;;;442
2261.jpg;179;6;;;436;6;;;424;209;6;;;438;6;;;444;172;5;;;441;4;;;436
2272.jpg;202;3;;;441;5;;;430;226;5;;;486;4;;;423;200;3;;;456;7;;;433
22721.jpg;260;5;;;488;3;;;430;260;3;;;446;5;;;445;254;5;;;454;5;;;442
2285.jpg;217;5;;;438;5;;;437;225;5;;;445;5;;;433;216;4;;;447;6;;;514
22852.jpg;261;4;;;440;16;[[0.9426932579248514, -0.29594538374359536, 3.529527574658784], [0.10719809324928634, 0.8825934467933625, -279.5745947955372], [-4.764771804508479e-05, -0.00015918513825441478, 1.0]];[[-9.31618252357148e-08, 7.498999011084837e-08, -0.0010398578750118953], [-3.545811312260811e-08, 5.980158675766499e-07, 0.0035955137459204468], [0.0014678727835323137, -0.0036589676032676554, -0.9793580193674134]];432;262;5;;;600;28;[[0.9056283191303061, -0.27398443153390883, 23.83228042084343], [0.08229964278988566, 0.8864654421617932, -255.7214534670488], [-7.054968400701398e-05, -0.00013582520781861714, 1.0]];[[1.806373059373171e-06, -1.2874769178676433e-05, 0.007822259560647957], [1.29532278166916e-05, 1.9323384613318368e-06, -0.013241413629829722], [-0.013067170401732484, 0.011831892286454647, 3.2205057469323832]];411;244;4;;;541;4;;;432
2294.jpg;223;2;;;455;1;;;429;239;4;;;442;5;;;426;229;3;;;436;2;;;432
22979.jpg;266;3;;;443;4;;;489;240;4;;;444;19;[[0.9257254636180271, -0.29210355591075954, 30.940251804594542], [0.1156353076796796, 0.9012346212704944, -310.3242406992259], [-5.7155780019213964e-05, -0.00013949389994999994, 1.0]];[[-0.31754705749419626, 2.25571389400692, -719.2755444338494], [-2.213072600093895, -0.32506609728093505, 2651.053653693955], [1793.4539185145024, -2481.8367558574273, -837176.5908508784]];425;234;5;;;450;5;;;478
2309.jpg;237;4;;;456;5;;;432;235;4;;;440;5;;;431;201;4;;;447;5;;;438
23107.jpg;240;5;;;450;2;;;442;225;4;;;436;15;[[0.9613059445485999, -0.24852771074338154, -54.08979182435329], [0.1068690483414256, 0.9010394510359567, -232.67457386169326], [-2.8971220297489202e-05, -0.00014557360120512358, 1.0]];[[-5.941212526655664e-07, 5.1319340093572395e-06, -0.0008698304314201512], [-4.82833045624341e-06, 1.9293364843191456e-07, 0.008823127838576392], [0.003107346318990553, -0.009663269919925478, -2.026520531160486]];421;214;3;;;450;5;;;426
2317.jpg;229;6;;;432;4;;;431;226;5;;;431;2;;;433;237;5;;;451;4;;;439
23243.jpg;251;4;;;518;3;;;436;230;4;;;452;5;;;430;232;4;;;438;4;;;436
2333.jpg;253;4;;;564;5;;;440;233;3;;;450;4;;;442;250;5;;;444;5;;;430
23381.jpg;239;6;;;436;6;;;424;264;4;;;491;4;;;423;234;4;;;452;2;;;574
2339.jpg;229;5;;;443;5;;;438;248;6;;;439;4;;;454;229;4;;;446;5;;;437
23519.jpg;250;4;;;436;5;;;430;255;4;;;444;4;;;426;229;4;;;464;4;;;447
2359.jpg;238;5;;;439;5;;;434;232;5;;;463;4;;;451;223;4;;;441;5;;;437
2360.jpg;225;6;;;447;6;;;431;196;4;;;448;4;;;436;241;5;;;480;5;;;443
23654.jpg;239;4;;;444;4;;;432;231;5;;;436;4;;;435;218;6;;;446;5;;;426
23786.jpg;253;4;;;455;4;;;437;245;4;;;444;5;;;435;208;5;;;451;5;;;430
2381.jpg;229;5;;;436;5;;;432;233;4;;;441;3;;;441;230;4;;;500;3;;;427
2384.jpg;230;4;;;438;5;;;433;203;5;;;441;6;;;429;224;5;;;444;5;;;486
23900.jpg;240;4;;;444;4;;;433;235;5;;;441;1;;;446;191;4;;;451;5;;;465
23987.jpg;234;6;;;439;4;;;431;244;4;;;441;5;;;490;177;4;;;576;5;;;431
2404.jpg;255;4;;;433;4;;;431;216;6;;;441;6;;;448;229;5;;;438;4;;;432
2408.jpg;232;5;;;435;4;;;439;214;6;;;436;5;;;435;209;4;;;446;5;;;435
24259.jpg;206;4;;;432;6;;;433;230;4;;;451;6;;;431;182;5;;;449;4;;;433
2426.jpg;228;4;;;502;4;;;430;195;5;;;536;5;;;428;221;6;;;438;5;;;470
2432.jpg;211;4;;;435;6;;;419;225;5;;;449;4;;;434;250;5;;;446;4;;;435
2447.jpg;217;5;;;441;4;;;432;212;5;;;444;5;;;435;218;4;;;453;5;;;479
24515.jpg;204;6;;;441;5;;;432;255;4;;;501;5;;;429;184;5;;;436;4;;;429
2456.jpg;213;4;;;445;6;;;428;210;5;;;532;5;;;439;213;2;;;506;5;;;543
2471.jpg;203;4;;;449;6;;;424;230;5;;;540;4;;;432;226;6;;;436;4;;;434
24761.jpg;200;4;;;452;4;;;443;228;5;;;447;7;;;437;190;4;;;444;5;;;471
2479.jpg;212;5;;;509;6;;;424;228;5;;;430;5;;;428;216;6;;;439;2;;;437
2494.jpg;202;4;;;472;5;;;511;231;5;;;440;4;;;429;224;3;;;438;4;;;439
25009.jpg;174;5;;;450;5;;;425;201;2;;;582;4;;;424;160;4;;;440;5;;;429
2501.jpg;188;5;;;469;5;;;430;246;5;;;431;5;;;431;221;4;;;615;5;;;424
2516.jpg;207;5;;;476;4;;;435;220;4;;;445;4;;;428;219;5;;;442;3;;;423
25160.jpg;181;2;;;442;4;;;439;206;4;;;447;3;;;436;181;4;;;439;4;;;427
2524.jpg;207;5;;;444;4;;;429;240;2;;;441;3;;;431;234;4;;;464;3;;;429
25244.jpg;162;2;;;450;4;;;433;187;6;;;470;5;;;434;157;4;;;444;3;;;437
2540.jpg;196;5;;;450;5;;;430;227;5;;;441;5;;;435;218;4;;;438;4;;;421
2546.jpg;180;5;;;435;6;;;427;214;4;;;467;4;;;447;239;4;;;460;4;;;510
25477.jpg;167;5;;;449;2;;;464;178;6;;;443;3;;;436;168;3;;;442;5;;;433
2564.jpg;179;2;;;434;4;;;439;204;5;;;450;5;;;430;210;4;;;448;3;;;428
2567.jpg;182;4;;;443;2;;;434;229;3;;;446;5;;;425;243;5;;;438;6;;;440
25709.jpg;196;2;;;462;6;;;442;184;4;;;500;10;[[1.3607602360299753, -0.3498234216790991, -244.94643825006008], [0.06335683591634696, 1.3822291799576683, -804.4933863736451], [-0.00010900056969742303, -0.00018552683321873458, 1.0]];[[-0.12519939710093106, 1.1300167161393773, -880.2117373571352], [-1.215880489952877, -0.13311922689774353, 1364.524091669255], [1331.9632033030707, -960.8759959763887, -507119.3171830522]];429;186;4;;;438;7;;;436
2588.jpg;191;4;;;487;3;;;439;253;5;;;444;5;;;439;227;4;;;443;7;;;418
25927.jpg;168;6;;;444;7;;;431;176;6;;;458;5;;;431;179;6;;;445;4;;;467
2597.jpg;170;4;;;447;7;;;425;256;5;;;437;6;;;442;237;4;;;439;5;;;440
26138.jpg;189;4;;;449;6;;;426;167;6;;;439;4;;;435;192;1;;;451;4;;;432
2626.jpg;194;5;;;446;5;;;427;255;5;;;446;4;;;436;240;4;;;445;6;;;424
26353.jpg;199;5;;;525;5;;;429;222;4;;;435;5;;;428;187;6;;;536;5;;;457
2639.jpg;236;4;;;443;6;;;435;245;6;;;427;4;;;440;233;2;;;441;4;;;433
26585.jpg;225;4;;;435;6;;;436;222;4;;;439;4;;;435;225;4;;;440;1;;;426
2675.jpg;228;5;;;447;4;;;539;232;4;;;451;5;;;430;221;5;;;442;5;;;431
2678.jpg;194;6;;;430;5;;;431;257;4;;;445;5;;;451;234;6;;;432;4;;;438
26813.jpg;191;6;;;444;4;;;437;197;3;;;444;4;;;439;187;4;;;449;4;;;431
27038.jpg;213;3;;;470;4;;;431;192;6;;;445;2;;;432;184;7;;;457;4;;;425
2719.jpg;196;4;;;448;6;;;426;245;4;;;453;7;;;431;218;5;;;440;4;;;439
2726.jpg;204;4;;;467;4;;;454;234;4;;;440;5;;;456;232;4;;;440;5;;;437
27272.jpg;215;6;;;441;3;;;494;184;5;;;438;11;[[1.6446250756535723, 0.10339794378855999, -909.1968037030795], [0.19298087283277815, 1.76800179275031, -1083.8622920700564], [-0.0001830837757602205, 0.0002533763792355934, 1.0]];[[-0.621515453808841, 5.454689184760337, 418.2523405109432], [-5.823936599516336, 0.23043102235563495, 2196.0601727495277], [3460.241658338432, -4204.16455274815, -1442510.9659036775]];425;197;4;;;443;19;[[1.47503852063575, -0.3803491884055964, -565.284844694748], [0.14467177186630825, 1.4229672012394816, -854.8823441357007], [-7.018191669395985e-05, -0.00018657979852809044, 1.0]];[[-0.0006949006645667538, 0.006535116785083445, -0.7712994961253745], [-0.0060055004579480185, -0.00033531162580721077, 9.686583078146427], [4.682021288153232, -8.899416158936493, -4915.15345977718]];417
27440.jpg;209;3;;;467;4;;;471;206;4;;;432;2;;;442;218;5;;;448;25;[[1.5613199011733065, -0.3605687226761492, -279.3509011148318], [0.14450741338658438, 1.5327567696041213, -662.8503599884384], [-7.912228764486559e-05, -0.0001715455685174065, 1.0]];[[-3.069733484111994e-07, 2.718381184010678e-06, -0.0008735542169755157], [-2.5827094676800315e-06, -1.1221963412030204e-07, 0.004892437664604935], [0.0019041643429578434, -0.003394021967059419, -1.7551650514295578]];416
27496.jpg;209;5;;;442;4;;;496;216;4;;;459;11;[[2.128807870449666, -0.1399440742935639, -679.1578671671804], [0.23227812908062057, 2.0773283695902465, -1330.6367809421708], [-7.149490392544601e-06, 0.00015828799992927896, 1.0]];[[-7.2952677067134175e-06, 6.645963072582169e-05, -0.03392982263157841], [-6.255396717186274e-05, -3.6327840019759396e-06, 0.018853137817743906], [0.058499583626915944, -0.03109382943596809, 1.0]];429;206;5;;;479;16;[[1.504758932160491, -0.34621167650174967, -272.44283227277066], [0.14639586411615496, 1.463737063412882, -915.5532981534602], [-7.51210952722087e-05, -0.0001709667048327167, 0.9999999999999999]];[[1.2236394632792673e-07, -2.3366947743028366e-06, -0.00196199855856461], [1.981746206053455e-06, 2.764661324727941e-07, -0.0016544143375764508], [-0.0001890172844965029, 0.0018046188739592442, 1.6045659739216735]];417
2756.jpg;214;5;;;455;3;;;439;224;3;;;445;4;;;429;239;4;;;460;5;;;466
27716.jpg;203;3;;;448;5;;;443;233;4;;;437;4;;;437;199;6;;;438;5;;;435
2780.jpg;205;5;;;439;2;;;443;244;5;;;449;3;;;433;225;4;;;436;5;;;435
2794.jpg;229;6;;;520;3;;;436;223;4;;;453;3;;;431;220;5;;;435;6;;;425
27940.jpg;252;4;;;441;6;;;433;246;4;;;449;0;;;472;227;4;;;444;5;;;448
28168.jpg;241;5;;;446;4;;;435;242;2;;;435;4;;;437;224;5;;;442;5;;;454
2831.jpg;182;5;;;487;5;;;435;247;6;;;471;4;;;432;221;5;;;452;6;;;425
28328.jpg;229;4;;;506;6;;;432;219;4;;;449;4;;;429;210;4;;;446;6;;;550
2836.jpg;189;4;;;436;4;;;466;241;4;;;462;8;[[2.1802347677133764, -2.006818563135031, 685.5019093754677], [0.7036204983422353, -0.4611763687370438, 230.70453258745525], [0.0011191965158446385, -0.0014578700018525643, 1.0]];[[2.978378846038444e-06, -1.4788037025383012e-05, 0.0035301697915822126], [1.893644727977881e-06, 8.673198299584032e-06, -0.005400686328907016], [-0.0024210797084319707, 0.0028720556480689163, 1.0]];481;231;5;;;439;6;;;416
28411.jpg;216;5;;;438;4;;;436;232;5;;;452;3;;;430;204;5;;;434;3;;;432
28413.jpg;231;5;;;451;5;;;425;225;5;;;468;5;;;439;232;5;;;440;4;;;435
28658.jpg;202;4;;;451;2;;;430;191;6;;;437;4;;;424;179;4;;;457;7;;;445
2867.jpg;207;4;;;451;4;;;436;263;6;;;434;5;;;430;223;4;;;428;6;;;420
28768.jpg;229;5;;;440;4;;;521;213;5;;;449;6;;;421;197;4;;;507;5;;;437
28904.jpg;239;5;;;446;4;;;431;201;4;;;449;5;;;435;228;4;;;435;5;;;430
2894.jpg;218;5;;;446;4;;;436;260;4;;;444;6;;;480;218;5;;;447;5;;;433
2906.jpg;197;3;;;445;4;;;430;252;4;;;466;4;;;443;227;4;;;503;3;;;433
29144.jpg;203;2;;;447;5;;;431;217;5;;;503;5;;;436;196;5;;;437;4;;;436
29158.jpg;218;4;;;484;4;;;434;199;6;;;474;4;;;432;190;4;;;464;4;;;443
2944.jpg;160;5;;;450;4;;;537;222;5;;;446;3;;;437;236;4;;;449;5;;;436
2951.jpg;170;4;;;526;4;;;429;233;4;;;444;4;;;432;218;3;;;451;5;;;445
29510.jpg;216;2;;;493;6;;;436;212;5;;;520;6;;;439;207;4;;;445;5;;;428
29519.jpg;193;5;;;445;4;;;433;222;4;;;443;6;;;432;203;4;;;448;6;;;431
29807.jpg;208;6;;;445;9;[[1.55294077154671, -1.4368388622995123, 863.9094401966407], [0.5173621502244966, -0.0632587726953914, -96.16700289553735], [0.0012015545614908502, -0.001339226483246195, 1.0]];[[7.560022958805629e-06, 2.2738774333158494e-06, -0.0123486892460309], [-3.3492528377349063e-06, -1.8644265665830146e-06, 0.0027960310025029987], [0.0020591615027074793, 0.002017526684323154, 1.0]];430;226;7;;;417;6;;;413;202;3;;;441;8;[[-5.964677544617703, 0.7428363507331733, 773.6535722023436], [-3.7662427340114957, -4.151832070900038, 5479.294498264123], [-0.004809420663356311, -0.00039553422505420803, 1.0]];[[6.356281665089383e-07, 7.664932712447263e-07, -0.001360830194026146], [6.94032284419192e-08, 4.311656349530355e-08, -0.0005182008167098437], [-0.00021772669144206998, -0.000203946196852158, 1.0]];414
2981.jpg;180;4;;;490;5;;;434;221;3;;;466;13;[[1.0183093137616366, 0.029727157442002498, 41.82323792338188], [-0.0773827608717744, 0.9343545963541742, -99.15966527324247], [4.061151721512892e-05, -7.4692297186413e-05, 1.0]];[[5.179998144506134e-07, 5.28450745839465e-06, -0.0034884844798467227], [-5.259877610463604e-06, 4.6629327612867553e-07, 0.0039739677922188636], [0.003697966891363317, -0.004085549135185727, -0.6105684625782892]];415;228;5;;;452;5;;;436
30092.jpg;201;3;;;438;13;[[0.7794909262771145, -0.29786892666295783, 293.0083612428778], [-0.03367165952017767, 1.0412985040897822, -805.1137638070855], [-0.0003159918743766795, -0.00016267112671047756, 1.0]];[[2.7027431672220065e-06, 4.882850679226209e-06, 0.0023527420001563087], [-2.8826592304616402e-06, -2.776807710738487e-07, 0.003089114466473817], [-0.002721811739346252, -0.003910930608627613, -1.2265635598674685]];428;200;5;;;474;4;;;430;203;5;;;442;6;;;423
3011.jpg;185;4;;;446;5;;;432;224;5;;;443;5;;;472;217;4;;;442;5;;;431
3017.jpg;189;5;;;445;5;;;452;235;4;;;463;3;;;433;237;5;;;435;6;;;465
30275.jpg;211;6;;;531;4;;;433;229;4;;;463;6;;;436;200;5;;;442;4;;;437
30430.jpg;213;5;;;454;6;;;444;210;5;;;461;8;[[1.1142051477155102, -0.43789747798934575, 204.27785968270828], [0.3709535467848295, 0.7358331700596857, -742.072188629867], [0.0005260371219266129, -0.0005491740064459432, 1.0]];[[4.6073555783782444e-07, -1.8788846044010707e-06, 0.0009096591412415], [1.8898009469959707e-06, 4.1387709603288955e-07, -0.0012579664713112692], [-0.0025794005014664234, 0.000602126456816967, 1.0]];415;208;5;;;443;4;;;428
3055.jpg;181;4;;;447;3;;;430;222;4;;;435;9;[[0.9264567839559199, 0.011250133108702374, 54.21406802384543], [-0.13093465918102776, 0.8361309841486958, 4.260114017979756], [2.4072038380534898e-05, -0.00012749220190729667, 1.0]];[[-3.2540906477050583e-06, -2.6787009996657595e-05, 0.03457033883531087], [2.568828982591614e-05, -3.822826426655623e-06, -0.03845007798016886], [-0.030363248696633784, 0.04533184935902385, 1.0]];521;179;5;;;443;6;;;431
30695.jpg;215;5;;;453;6;;;426;209;6;;;497;3;;;448;216;5;;;441;4;;;433
3079.jpg;176;5;;;481;6;;;433;230;4;;;447;4;;;438;198;4;;;497;5;;;441
30889.jpg;198;4;;;465;4;;;436;203;3;;;442;4;;;434;205;5;;;439;4;;;450
3092.jpg;214;5;;;472;5;;;440;260;5;;;439;5;;;433;221;7;;;426;6;;;428
31001.jpg;193;5;;;458;5;;;434;197;3;;;442;5;;;433;204;4;;;436;4;;;437
31268.jpg;180;5;;;473;6;;;440;196;4;;;440;6;;;433;210;5;;;445;27;[[1.519083840101801, -0.5533954743361899, -347.7703384731372], [0.37924430853837626, 1.4275418868346532, -1536.2230730012545], [-2.1482452869571564e-05, -0.00017129059416532842, 1.0]];[[-5.105047354678507e-07, 1.9202698174936565e-06, -0.00203489260146028], [-2.1808617290849567e-06, -3.29058233110352e-08, 0.0059918085310339125], [0.004104684860452217, -0.003796457691331494, -4.3980977222054785]];412
3128.jpg;184;5;;;494;6;;;422;240;4;;;438;3;;;432;226;2;;;449;6;;;426
3149.jpg;206;5;;;448;4;;;486;242;4;;;438;4;;;434;223;4;;;450;4;;;436
31589.jpg;178;6;;;434;4;;;416;184;4;;;436;21;[[2.9257093738219995, 0.13368181768096055, -1466.11375704936], [0.011437216934248649, 2.566835991596188, -2202.7732365243796], [0.0003705287023653709, -4.775767020560855e-05, 0.9999999999999999]];[[-0.21291367864159239, -2.4732990218199107, 1861.565402294751], [2.4514687391312338, -0.29425116650298455, -2238.824318372093], [-2715.4547460689555, 2530.9043356904594, 1008860.2352461964]];411;192;6;;;458;24;[[2.355608358109926, 0.003551717842610068, -1033.483377685843], [-0.02148502812933891, 2.041724383839528, -1699.9624990917462], [0.0002478695963705185, -0.0001386621772999188, 1.0]];[[1.8642391558133617, 17.499498447786543, -15660.328633219528], [-18.95366524367189, 1.7742932537194172, 25407.082019505542], [21557.31935318664, -21369.91885550569, -14486423.015644982]];470
3164.jpg;207;4;;;437;7;;;436;238;4;;;438;4;;;433;222;4;;;445;4;;;432
31762.jpg;195;4;;;439;4;;;423;203;6;;;487;3;;;446;186;7;;;457;4;;;429
32018.jpg;191;4;;;444;6;;;457;209;6;;;481;6;;;425;189;3;;;439;4;;;431
3202.jpg;231;6;;;441;5;;;443;275;5;;;455;6;;;420;257;4;;;444;4;;;429
32048.jpg;198;4;;;445;7;;;422;194;6;;;436;6;;;431;146;4;;;450;19;[[1.0892977267738115, -0.07183823113048433, 7.103357779203921], [0.03950511788303055, 1.021960407723692, -572.0907630073234], [4.154779098226607e-05, -3.809013982750632e-05, 1.0]];[[4.1741724259001535e-08, 2.3445614068040045e-06, -0.0029931791535883516], [-2.47779556379828e-06, 7.518716180618688e-09, 0.0035790097558262837], [0.004198248023318188, -0.0033388898743564794, -1.9035259457774882]];413
32150.jpg;176;5;;;502;5;;;439;234;4;;;449;2;;;428;182;4;;;500;5;;;450
32186.jpg;192;5;;;638;5;;;427;231;5;;;447;5;;;440;183;4;;;439;3;;;444
3224.jpg;222;4;;;438;4;;;427;253;5;;;524;5;;;434;244;4;;;519;5;;;430
32356.jpg;201;5;;;453;10;[[1.2185438007132319, -0.03933378790626156, -75.450592909], [0.0770447222859921, 1.2334715159245828, -829.1729535027727], [4.71536806747771e-05, 7.272584711806128e-05, 1.0]];[[3.2817719463195755e-08, -1.278715785778054e-06, 0.001124161380082154], [1.2815419789824493e-06, 1.4574544743076548e-07, -0.001640121940624588], [-0.0019081428060269733, 0.0013688382806857234, 1.0]];412;243;4;;;437;4;;;429;204;4;;;508;3;;;440
3239.jpg;208;5;;;533;5;;;438;244;5;;;450;4;;;435;254;4;;;451;4;;;421
32432.jpg;205;4;;;440;4;;;427;243;6;;;437;1;;;439;187;2;;;440;4;;;423
32519.jpg;223;5;;;445;5;;;431;245;6;;;436;5;;;431;196;5;;;442;6;;;422
32672.jpg;236;4;;;496;22;[[1.162025152790325, 0.022929843364972963, -157.24475093000532], [-0.030799418758622382, 1.1594988487985092, -775.9539001263638], [-1.2654492405112838e-06, -3.0042610713744436e-05, 1.0]];[[5.4852618472838116e-08, -2.4222879190832084e-07, -0.0029923429306685707], [2.9991501387465693e-07, -4.6388118754980465e-09, -0.0005377595735583068], [0.002215472567670866, 0.0003615788747639008, 0.773496669188285]];428;240;5;;;443;18;[[1.2082070479950144, 0.019102416661824082, -179.18846606627815], [-0.03145399015804115, 1.178546332043031, -789.6466903756749], [1.577737137314082e-05, -1.3743879104081763e-05, 1.0]];[[8.617674078670059e-08, 1.0926166030229954e-06, -0.001133427298991978], [-1.3375101648770168e-06, -1.3923605468897316e-07, 0.005273099662116738], [0.001698670080801529, -0.004298056257786898, -3.4194895056468524]];418;196;5;;;447;4;;;490
3275.jpg;210;5;;;441;4;;;425;239;5;;;436;6;;;423;253;5;;;443;5;;;433
32822.jpg;223;5;;;446;41;[[1.1567055223297718, -0.02005958181564743, -170.8594138363258], [0.013923760562552337, 1.2012515382087694, -831.6701401243658], [-2.2714390240985437e-05, -1.7342055251441152e-05, 1.0]];[[-1.301099272168519e-07, 3.6097242911856913e-06, -0.005396148801483052], [-3.682099737223832e-06, -3.764742395147826e-10, 0.0038810372080198908], [0.0071261708010746504, -0.003749133778943195, -1.763102867071567]];412;235;5;;;439;30;[[1.1921534763689787, -0.024654767266861926, -191.16275608852038], [0.006652625157390504, 1.1890314096557468, -804.1847144284064], [-8.232660108261577e-06, -1.2149064075396387e-05, 1.0]];[[-6.160490252692857e-09, -2.1131286129794e-06, -6.12842416218356e-05], [2.1575348183036405e-06, 1.0725022959910402e-07, 0.0009855980790408874], [-0.0013885603447714467, -0.000590554227926954, -0.6487503975957989]];420;199;4;;;447;3;;;557
32824.jpg;211;6;;;435;40;[[1.0945552347776566, -0.05601110715780178, 153.58954204455839], [-0.00923776064632619, 1.093776377335104, -812.6484382041256], [-3.058256016694682e-05, -5.278561689259675e-05, 1.0]];[[1.0792219381572843e-07, 1.7858056771417993e-06, 0.002035330487536068], [-1.478675463300778e-06, 1.733388640174396e-07, 0.004065953997351246], [-0.0008035942301774935, -0.003729335410141127, -2.748375494603111]];411;249;5;;;446;30;[[1.204463472783124, -0.023366218342982137, 93.409253388985], [0.008521618606490674, 1.1999424182305378, -915.8938782197052], [-4.929817296543102e-06, -9.135981187756122e-06, 1.0]];[[-6.035769043673718e-08, 2.97087763432976e-06, -0.0031550637982027062], [-3.086947709655837e-06, -1.2555974740782003e-07, 0.00010999871886666415], [0.005042948195300648, 0.0003669705115708198, -0.3515589623515778]];412;196;4;;;441;4;;;523
32977.jpg;223;2;;;488;40;[[1.0563715905799786, -0.08425104668872911, 95.5269457933513], [-0.0065586118556168966, 1.071083086648446, -752.3145145142992], [-5.334567959990993e-05, -6.0896344975022846e-05, 0.9999999999999999]];[[-0.01945492700840829, -0.3723024916370281, -427.73145868958284], [0.32012909139376916, -0.0015039608039569483, -427.89746451388], [163.94364561682244, 411.4685040838338, 283150.1068575612]];415;235;5;;;437;35;[[1.0878183996018498, -0.10332092437378287, 92.2543073166524], [0.011921258395092468, 1.0673649518724895, -761.1790885851707], [-2.632420482527595e-05, -7.387399555660688e-05, 0.9999999999999999]];[[-2.579429169328885e-07, 5.554865798307797e-06, -0.006752740390302561], [-5.752716458728259e-06, 2.6803230905152513e-07, 0.010109638265543999], [0.010179621067520584, -0.008569619000698575, -7.364917329679357]];411;171;6;;;436;7;;;436
3302.jpg;197;6;;;441;5;;;427;218;5;;;436;6;;;431;251;5;;;434;6;;;445
3311.jpg;216;5;;;445;6;;;426;260;5;;;439;7;;;424;255;6;;;435;5;;;434
33139.jpg;196;5;;;450;4;;;432;231;4;;;451;6;;;434;170;4;;;447;4;;;425
33172.jpg;176;5;;;443;4;;;435;213;4;;;505;11;[[1.0232144682539424, -0.1960590682379576, 293.86461626835194], [0.10148631088106451, 0.8789286846826633, -627.5458480037152], [1.347194407493721e-05, -0.00015310964570902416, 1.0]];[[6.365882775810485e-08, -4.664855182439805e-07, -0.0003625461488335904], [4.1146752762288425e-07, -2.0053372382308173e-07, -0.001432688493037673], [-0.00014749020148428025, 0.00157537857984714, 1.0]];416;159;4;;;443;5;;;435
33307.jpg;180;4;;;428;4;;;431;207;3;;;459;6;;;428;186;5;;;444;4;;;429
33458.jpg;165;4;;;475;5;;;442;162;5;;;451;5;;;433;195;5;;;439;5;;;437
33478.jpg;159;5;;;523;4;;;443;175;5;;;447;1;;;442;171;4;;;435;4;;;427
3350.jpg;208;5;;;442;5;;;432;236;6;;;443;4;;;424;253;4;;;439;5;;;430
33653.jpg;157;3;;;443;3;;;429;175;3;;;433;7;;;434;185;5;;;459;5;;;445
33734.jpg;148;5;;;432;5;;;423;180;5;;;435;4;;;588;166;6;;;441;5;;;504
33827.jpg;160;5;;;441;5;;;428;183;5;;;432;4;;;431;179;4;;;521;5;;;435
3386.jpg;208;5;;;449;5;;;512;238;4;;;436;4;;;429;257;4;;;442;5;;;428
3388.jpg;231;5;;;451;4;;;437;250;5;;;440;4;;;430;252;5;;;441;3;;;429
33992.jpg;152;5;;;440;4;;;428;175;2;;;437;5;;;431;164;5;;;452;5;;;433
34018.jpg;141;4;;;436;6;;;418;178;6;;;441;4;;;444;192;5;;;455;4;;;429
34151.jpg;144;4;;;436;5;;;427;182;4;;;442;4;;;433;180;4;;;449;4;;;458
3425.jpg;236;5;;;443;4;;;431;217;1;;;444;5;;;435;247;4;;;436;5;;;425
34309.jpg;140;4;;;436;6;;;429;149;2;;;448;5;;;436;151;4;;;497;3;;;447
34343.jpg;133;4;;;468;5;;;436;153;6;;;432;2;;;427;139;4;;;447;5;;;448
34469.jpg;132;4;;;441;6;;;425;153;5;;;439;5;;;429;148;3;;;437;5;;;435
3463.jpg;225;5;;;452;5;;;428;223;5;;;445;5;;;441;202;5;;;563;4;;;434
34631.jpg;164;5;;;451;3;;;437;166;4;;;443;5;;;440;153;4;;;460;5;;;423
34670.jpg;180;4;;;438;7;;;418;171;4;;;438;5;;;438;163;5;;;448;5;;;425
34802.jpg;157;4;;;488;5;;;431;173;5;;;442;4;;;430;184;6;;;436;6;;;426
3484.jpg;228;4;;;560;4;;;464;238;4;;;438;5;;;433;221;5;;;467;5;;;434
34975.jpg;188;4;;;451;5;;;430;221;5;;;447;3;;;432;188;4;;;446;4;;;434
34988.jpg;189;2;;;446;4;;;432;207;4;;;435;6;;;425;207;5;;;454;2;;;425
3500.jpg;227;4;;;441;5;;;438;229;5;;;447;4;;;422;229;4;;;454;4;;;438
35085.jpg;233;5;;;446;26;[[0.8349930494869242, -0.08254341199753505, 398.1901618052384], [0.027099285652128904, 0.8656796140615751, -375.36743099656735], [-5.16272346751806e-05, -5.052064705950186e-05, 1.0]];[[-1.2753735760650885e-07, 3.568655074783422e-07, -0.0019896714660932228], [-4.0878413223837105e-07, 7.056422882421926e-08, 0.0017809654278840726], [0.0025598211446380102, -0.0016908724989295367, -1.6583867727070682]];415;230;5;;;451;6;;;431;216;4;;;433;6;;;430
35101.jpg;232;5;;;446;20;[[0.8298037661642298, -0.0969102393070034, 309.7451889247413], [0.0320610877648824, 0.8489166304978563, -519.7194951871307], [-4.3415608975345605e-05, -5.7379134902977224e-05, 1.0]];[[1.3040412901803534e-07, -8.996225236363467e-07, 0.002209212638853087], [9.640953888311073e-07, -1.7564727774493804e-08, -0.002166193894188779], [-0.0032047128313358944, 0.0019243820904161436, 1.9967323621808832]];419;247;2;;;470;36;[[0.8501604157849326, -0.08739067647275318, 309.61692862260594], [0.02514635221321641, 0.8641579903516161, -515.1339043744466], [-4.5173550795078156e-05, -3.627309556080268e-05, 1.0]];[[2.5003247664023806e-07, -6.3107164824398226e-06, 0.0011790032228518215], [6.290241759689736e-06, 5.216579041709763e-07, -0.003686035341427848], [-0.005230203282601803, 0.0018123348197667587, 2.594632284901828]];487;199;5;;;498;5;;;456
35186.jpg;242;3;;;448;51;[[0.8552872938218024, -0.09758690224548228, 172.36083344956046], [0.029130749000453968, 0.8532756626613661, -464.12646852493685], [-3.34791810388981e-05, -5.766852642349076e-05, 1.0]];[[-7.463945619313964e-08, 3.375802125366981e-07, -0.0014401214593191885], [-3.1276426589531813e-07, 1.485047428316377e-07, 0.0029315656223893967], [0.0019109588844137557, -0.003181054587996557, -1.8094592739017454]];437;230;4;;;485;34;[[0.8737176768007162, -0.0947786521338277, 174.5353408639244], [0.030335445170801723, 0.8696122623487378, -466.9114715254753], [-3.176371481036585e-05, -4.626790640403936e-05, 1.0]];[[3.183791038070587e-08, 5.631331489048693e-07, 0.0014599384572736504], [-3.7170509781588e-07, 1.2769480424898807e-07, 0.00288973281926189], [-0.0013112578525632057, -0.003433069965547575, -1.3567162950411942]];420;223;4;;;436;6;;;435
35219.jpg;252;5;;;444;66;[[0.8773157782397858, -0.10272272562815088, 365.8640364613569], [0.030485108977186457, 0.8653491505076563, -471.44076112033235], [-2.8271709295470178e-05, -5.6564269866520524e-05, 1.0]];[[2.3380993773231788e-07, -3.84166604052241e-06, 0.002623128995952742], [3.781424087898332e-06, -4.882394595485072e-09, -0.006310828652145823], [-0.005221520077130653, 0.005441314399113125, 4.4510908327264715]];422;226;6;;;436;31;[[0.9184094714198879, -0.09621138688814147, 359.2789393038252], [0.03951783912542815, 0.8786773421768078, -475.0432959431829], [-5.755357592271451e-06, -5.448446142417641e-05, 1.0]];[[1.1656667814034012e-07, -1.0354671805829478e-06, 0.0035208524526338116], [1.155094133912333e-06, 8.421007550857779e-08, -0.0005426291573238211], [-0.004418512115303735, -0.0001547008628257916, 1.5022583623732255]];409;191;4;;;443;7;;;422
35270.jpg;239;4;;;445;80;[[0.8612472451730312, -0.10214123324272284, 258.7597271715166], [0.02483025298049223, 0.8568552364303622, -504.19316678859724], [-3.392227136201622e-05, -6.0890917280036157e-05, 1.0]];[[-1.7295796179202165e-07, 3.7162875082894116e-06, -0.001514624345162818], [-3.5871382183374963e-06, 3.378097514476707e-08, 0.006295825557367867], [0.004022696847705783, -0.006082410150867462, -4.101712033860327]];427;205;4;;;439;39;[[0.9081064219908309, -0.09951622185073195, 249.02940731758565], [0.04040895580515705, 0.8861309006700461, -529.4190887578229], [-8.314603295107986e-06, -6.080895508238971e-05, 1.0]];[[1.692055171357028e-07, -2.3182925280760114e-06, 0.0041859022288069], [2.494026063004335e-06, 1.1375533313330087e-08, -0.004010139631325934], [-0.0061324190839613, 0.0033793832867602246, 3.3103038687949455]];413;198;4;;;446;6;;;453
35356.jpg;232;2;;;439;49;[[0.8764889492762072, -0.12203559923674531, 153.23536866664463], [0.04043463257534594, 0.8415732259436829, -442.3380360387499], [-1.787932771112749e-05, -7.809038445510997e-05, 1.0]];[[5.705417648090627e-11, 1.519645861083488e-08, 0.001124741385037638], [1.0812604538007271e-07, 3.5011640177307737e-07, 0.0024032779042630825], [-0.001095017149366158, -0.0032356410652382523, -1.133151163095825]];411;226;6;;;470;20;[[0.8116076039227208, -0.11357782818239459, 183.63005659841434], [0.008275791459623436, 0.8247926455184852, -406.5300454601243], [-5.988404206232514e-05, -7.045271754371761e-05, 1.0]];[[-2.580821813443243e-07, 5.077986325426487e-06, 6.325341127117693e-05], [-4.856540805461952e-06, -3.2461047756583244e-07, 0.003799177277985812], [0.0027136656791663365, -0.003557197830520317, -2.0211226394044597]];424;214;6;;;440;7;;;424
35378.jpg;236;6;;;446;52;[[0.8975288940492797, -0.10711302511992425, 347.2562667277108], [0.03328441041615936, 0.8969897221455814, -522.388483373931], [-3.083911846579089e-05, -5.061123011486663e-05, 1.0]];[[3.229565585401758e-07, -5.727129696539711e-06, 0.0028693766742002445], [5.625424160503037e-06, 2.3766916030210458e-07, -0.007516312136175209], [-0.006669240007046438, 0.005896377413209695, 5.358614037054544]];581;210;5;;;438;9;[[-5.4383243285911025, -2.331686320505894, 2783.9034423624566], [-0.6429279440343513, -9.230368945938377, 9682.393774671662], [-0.00025356702109901723, -0.003797813126084779, 0.9999999999999999]];[[22.94800509573807, -310.6355151464645, 284127.2092985299], [307.9147864183063, 34.13250010728595, -248158.8617988457], [-482402.31191998476, 100057.14512822806, 240428225.73808518]];428;217;6;;;565;4;;;424
3538.jpg;225;5;;;442;5;;;438;245;4;;;445;6;;;426;241;4;;;439;5;;;430
35441.jpg;214;4;;;442;24;[[0.8773829269071148, -0.06993904439335835, 205.69631842181667], [-0.03825367918214644, 0.8830507629382921, -488.7416268469005], [-5.089698578729898e-05, -6.003147881998872e-05, 1.0]];[[3.525180244201358e-07, -6.748498783409768e-06, 0.0107078877001835], [7.562780980913008e-06, 1.883318413101823e-07, -0.0049045194814399526], [-0.016088380488623544, 0.0030819728813452243, 4.796904542857017]];417;226;5;;;492;7;;;426;209;4;;;433;4;;;430
35531.jpg;201;5;;;445;2;;;433;175;4;;;443;5;;;427;188;4;;;436;6;;;423
35549.jpg;222;4;;;445;7;;;425;212;5;;;520;4;;;433;206;5;;;438;6;;;427
35621.jpg;184;5;;;445;5;;;433;173;5;;;432;6;;;430;191;4;;;523;4;;;413
35711.jpg;202;5;;;443;5;;;428;201;5;;;437;6;;;432;206;5;;;575;4;;;430
3575.jpg;223;4;;;441;4;;;435;247;4;;;449;4;;;485;212;5;;;443;4;;;419
35803.jpg;216;4;;;435;4;;;458;203;5;;;448;4;;;465;201;4;;;445;6;;;428
35881.jpg;223;3;;;444;5;;;498;223;4;;;435;4;;;433;230;1;;;489;12;[[1.0232597834156059, -0.019247470008332435, 298.3588206947415], [0.024969936747729418, 1.099280863977602, -545.0314784276251], [-4.92081215671894e-05, 2.045696921615345e-05, 1.0]];[[1.005608678401743e-07, -1.6825951407453008e-06, 0.0007648473128519248], [1.7612743533722943e-06, 6.457130317847192e-09, -0.0014880706026673227], [-0.0017159196339245476, 0.000884396976697199, 1.0]];421
35893.jpg;222;4;;;435;5;;;433;232;4;;;453;6;;;428;204;3;;;464;10;[[0.8759389617763002, -0.03896577156430065, 246.05756578855585], [-0.024248217029362636, 1.0021950432874334, -650.4806928035648], [-0.0001184681816137264, 7.635841121246337e-06, 1.0]];[[3.4609881531701124e-07, 1.3904661697405798e-05, -0.0019486674710634936], [-1.297525998272437e-05, -2.576438303564725e-07, 0.015706925877711234], [0.009772316334394612, -0.01330777576960696, -10.343549083015112]];465
35984.jpg;247;3;;;441;4;;;429;247;5;;;441;4;;;440;209;6;;;436;2;;;433
3605.jpg;225;4;;;519;2;;;490;255;4;;;432;5;;;437;228;5;;;442;4;;;484
36052.jpg;239;6;;;450;6;;;407;239;4;;;532;4;;;579;216;6;;;442;4;;;425
36074.jpg;245;5;;;579;4;;;434;243;5;;;481;5;;;454;215;6;;;437;7;;;442
3611.jpg;228;5;;;441;6;;;417;235;5;;;448;6;;;423;238;5;;;539;4;;;436
36164.jpg;239;4;;;447;4;;;437;213;5;;;443;4;;;442;226;4;;;439;5;;;440
36221.jpg;242;5;;;457;4;;;430;248;1;;;442;4;;;436;239;5;;;439;5;;;430
36253.jpg;241;5;;;446;4;;;418;247;4;;;434;6;;;437;215;4;;;451;13;[[1.1389326965710134, -0.05131103798978654, 51.78560080963774], [0.042254214633712255, 1.1442899762405738, -840.2993968400583], [-2.943594174414337e-05, -2.50496059682274e-05, 1.0]];[[-8.513088745665191e-07, 4.300297167526601e-05, -0.013998861868037253], [-4.219798936468993e-05, -1.2090584631296684e-06, 0.029736369280394002], [0.04262546095106914, -0.023904263673872345, -21.51274009522325]];415
36341.jpg;243;5;;;436;23;[[1.2910041942174475, -0.015586380858114809, -243.97637409095614], [0.040683447495586174, 1.216309194376037, -827.2692571453978], [1.7986467212981672e-05, -1.7808455078244117e-05, 0.9999999999999999]];[[2.16872510429948e-08, 4.984931877420063e-06, -0.006040340323964289], [-4.6136439652909e-06, 3.4676756442514756e-08, 0.003733902066514176], [0.007604988945626054, -0.004188159081599647, -1.1639448318356758]];418;244;5;;;443;5;;;461;232;5;;;449;6;;;433
36397.jpg;240;4;;;449;22;[[1.2036145049189186, -0.06913649301881891, 126.94892107341093], [0.011709240839002745, 1.1519626283904743, -679.1232056672987], [-2.7183582966188474e-06, -5.209959548253861e-05, 1.0]];[[1.515732086486385e-07, -8.526168972486384e-06, 0.006595671971632126], [8.671523338200926e-06, 2.917349506631014e-07, -0.007457215906510628], [-0.010705426224625777, 0.004837997239905856, 5.108094808238447]];423;242;5;;;452;5;;;437;228;4;;;490;2;;;430
36428.jpg;243;4;;;438;12;[[1.0754268356067462, -0.09598215838318883, 93.81672432993665], [9.168442252709546e-05, 1.0826896229882341, -768.5477573517356], [-3.905091824432358e-05, -6.289553092845405e-05, 1.0]];[[-0.03920777539764962, 1.9311564998948394, -1058.4154492655598], [-1.8980877701132948, 0.006481376779562842, 3262.711043544368], [2292.382124827641, -2731.760583984441, -2352393.32926654]];426;242;5;;;502;4;;;435;212;5;;;454;4;;;425
3647.jpg;200;6;;;421;2;;;443;236;6;;;432;4;;;430;206;6;;;437;5;;;424
36517.jpg;238;4;;;437;4;;;524;232;4;;;478;5;;;433;241;5;;;445;4;;;434
36571.jpg;244;3;;;434;3;;;434;237;4;;;441;5;;;439;233;4;;;445;5;;;435
36605.jpg;233;4;;;440;4;;;425;252;4;;;435;5;;;437;229;4;;;450;5;;;426
36695.jpg;215;5;;;543;6;;;429;200;6;;;428;5;;;431;221;1;;;449;4;;;429
36734.jpg;209;4;;;441;5;;;444;224;6;;;432;3;;;463;233;4;;;456;4;;;426
36782.jpg;198;5;;;437;5;;;429;208;4;;;438;5;;;436;221;4;;;446;5;;;431
3683.jpg;195;6;;;443;5;;;437;244;5;;;442;2;;;428;223;5;;;439;6;;;447
36869.jpg;245;5;;;447;3;;;434;228;4;;;442;5;;;439;233;4;;;443;6;;;410
36895.jpg;246;5;;;444;9;[[173.77993355023466, 20.976485406795135, -30064.511272838903], [16.150390053958372, 243.33406121643014, -205702.29576700804], [0.012827121573147025, 0.1116861472541643, 0.9999999999999999]];[[19.51880432934199, -431.201052947029, 156320.7447248931], [463.0150243424619, 106.7337942558641, -107595.67760063746], [-460955.20126529236, -64177.403414745786, 91580897.35055605]];551;217;7;;;429;5;;;436;241;4;;;439;4;;;441
36958.jpg;242;6;;;443;6;;;418;206;4;;;433;4;;;432;220;4;;;437;4;;;442
37045.jpg;233;5;;;494;5;;;433;215;5;;;442;4;;;442;212;5;;;470;5;;;428
37060.jpg;233;4;;;442;5;;;428;216;4;;;443;4;;;465;229;6;;;438;4;;;437
37130.jpg;222;5;;;445;4;;;435;228;5;;;435;4;;;438;227;7;;;438;5;;;432
3718.jpg;225;4;;;444;6;;;439;249;3;;;437;5;;;435;224;6;;;440;4;;;431
37217.jpg;244;7;;;510;6;;;423;232;4;;;444;4;;;424;238;5;;;444;2;;;434
37228.jpg;250;6;;;448;4;;;431;240;4;;;454;7;;;419;241;5;;;428;5;;;434
37304.jpg;264;5;;;442;4;;;446;215;4;;;442;6;;;424;262;5;;;441;2;;;439
37391.jpg;261;5;;;452;3;;;435;206;4;;;449;5;;;435;235;4;;;431;5;;;425
37400.jpg;254;4;;;450;6;;;421;220;4;;;447;5;;;426;212;4;;;448;4;;;426
37478.jpg;231;6;;;438;4;;;428;204;6;;;461;3;;;426;233;4;;;439;4;;;428
3752.jpg;216;5;;;552;4;;;432;238;6;;;434;4;;;434;216;4;;;444;0;;;438
37564.jpg;242;2;;;444;5;;;458;210;5;;;438;9;[[1.841177380274785, 1.3151570870526343, -2077.708090779849], [0.7218077736757886, 3.0449908109300905, -3614.2829314474207], [-0.0002543991703156492, 0.0005741537583075362, 1.0]];[[-187.21975330669449, 471.1444959269885, 70190.51596880227], [-615.0405926557786, 1.2461435372786696, 921430.8493565889], [888427.3336152473, -636194.7260028563, -1047618725.8934084]];424;231;3;;;442;3;;;454
37571.jpg;215;5;;;438;7;;;449;204;3;;;439;4;;;433;214;5;;;436;6;;;425
37649.jpg;225;5;;;443;3;;;434;205;4;;;459;5;;;425;206;5;;;501;5;;;444
37733.jpg;235;5;;;448;6;;;427;225;5;;;435;4;;;432;205;5;;;444;5;;;434
37744.jpg;209;4;;;439;4;;;427;209;4;;;539;3;;;427;206;5;;;446;2;;;424
37819.jpg;220;3;;;441;4;;;432;205;5;;;439;4;;;428;226;5;;;435;4;;;435
3782.jpg;221;4;;;435;5;;;435;226;4;;;451;5;;;422;203;4;;;438;3;;;433
3788.jpg;234;4;;;475;2;;;436;242;5;;;448;4;;;436;231;5;;;432;4;;;441
37901.jpg;228;5;;;452;5;;;438;234;2;;;443;4;;;455;239;5;;;440;4;;;438
37922.jpg;198;6;;;442;5;;;424;238;4;;;442;5;;;462;212;5;;;445;4;;;499
37984.jpg;200;5;;;437;4;;;429;221;7;;;435;2;;;427;220;4;;;494;4;;;432
38065.jpg;188;5;;;559;4;;;431;191;4;;;446;4;;;431;210;4;;;445;5;;;437
38111.jpg;159;5;;;439;4;;;429;188;4;;;436;1;;;430;167;5;;;445;6;;;521
38147.jpg;161;6;;;459;5;;;422;173;4;;;436;6;;;425;180;6;;;430;5;;;431
3821.jpg;245;6;;;449;4;;;432;244;4;;;440;5;;;426;253;5;;;446;4;;;433
38231.jpg;154;4;;;479;4;;;427;171;5;;;432;5;;;441;194;5;;;442;4;;;427
38305.jpg;162;6;;;436;5;;;478;181;3;;;445;3;;;428;195;4;;;562;3;;;430
38317.jpg;189;5;;;442;6;;;435;196;4;;;438;3;;;426;194;5;;;451;6;;;426
38399.jpg;171;5;;;443;7;;;434;180;4;;;449;6;;;425;191;6;;;426;6;;;426
38482.jpg;185;4;;;443;4;;;438;191;5;;;447;3;;;430;184;4;;;446;5;;;430
38495.jpg;196;5;;;440;3;;;587;166;4;;;452;4;;;434;184;6;;;437;3;;;409
38564.jpg;187;6;;;436;5;;;436;172;4;;;440;4;;;428;186;4;;;438;5;;;440
3857.jpg;227;7;;;448;6;;;430;243;4;;;470;5;;;439;242;3;;;449;4;;;549
38645.jpg;180;5;;;452;5;;;457;169;6;;;434;5;;;484;200;4;;;440;4;;;430
38672.jpg;188;5;;;447;6;;;464;194;4;;;439;4;;;434;183;5;;;445;6;;;436
38729.jpg;177;5;;;456;5;;;431;170;6;;;451;1;;;430;166;5;;;447;5;;;501
38809.jpg;168;4;;;432;4;;;429;176;6;;;443;3;;;442;181;5;;;448;5;;;416
38843.jpg;154;5;;;450;5;;;575;168;6;;;440;5;;;430;158;6;;;439;6;;;428
38890.jpg;154;4;;;453;3;;;443;150;5;;;443;5;;;431;166;4;;;458;8;[[0.27165493783657485, -0.47698146921763085, 613.8996232784444], [-0.03145217902388377, 0.2105586944272556, -35.1888913377409], [-0.00013125838405657448, -0.0005126926554041931, 1.0]];[[1.720394613494689e-07, -3.738700052188033e-07, 0.00031796785813976666], [1.06699773865301e-06, 7.171271210488038e-07, -0.0008087242109237945], [-0.00149979360370197, -0.0008587028779209896, 1.0]];421
3890.jpg;217;4;;;447;5;;;508;264;5;;;447;4;;;588;249;5;;;491;3;;;440
38968.jpg;166;4;;;458;4;;;458;168;6;;;467;5;;;492;187;5;;;449;6;;;444
39041.jpg;194;4;;;444;4;;;430;178;6;;;440;6;;;431;167;4;;;439;6;;;428
39049.jpg;197;5;;;452;4;;;425;171;3;;;444;5;;;440;205;4;;;442;5;;;436
39128.jpg;200;4;;;440;4;;;425;205;5;;;445;2;;;427;189;6;;;437;4;;;447
39208.jpg;194;6;;;444;5;;;449;184;5;;;447;4;;;432;174;5;;;451;5;;;437
39217.jpg;198;6;;;430;6;;;439;157;5;;;446;5;;;432;190;4;;;489;5;;;430
3923.jpg;218;4;;;444;4;;;437;249;4;;;485;5;;;430;242;5;;;445;4;;;430
39290.jpg;205;5;;;471;4;;;409;193;4;;;455;4;;;423;194;4;;;445;6;;;431
39365.jpg;216;4;;;494;5;;;435;212;4;;;437;3;;;430;211;5;;;439;6;;;420
39373.jpg;201;4;;;448;3;;;429;208;4;;;531;5;;;431;198;4;;;448;5;;;433
39455.jpg;193;5;;;493;5;;;431;171;4;;;426;4;;;435;184;4;;;497;5;;;433
39511.jpg;186;5;;;444;4;;;429;182;4;;;444;4;;;426;187;5;;;491;4;;;439
39539.jpg;207;5;;;455;4;;;430;179;5;;;434;5;;;434;170;4;;;471;4;;;460
3958.jpg;225;5;;;441;4;;;429;248;5;;;440;4;;;580;238;5;;;448;4;;;437
39629.jpg;216;5;;;500;4;;;435;201;6;;;446;5;;;437;199;5;;;445;4;;;503
39640.jpg;205;4;;;447;4;;;427;192;5;;;443;4;;;433;193;5;;;445;7;;;475
39722.jpg;236;4;;;451;5;;;431;200;4;;;446;4;;;450;221;4;;;446;4;;;431
39755.jpg;211;4;;;442;3;;;461;244;4;;;517;5;;;432;223;4;;;450;5;;;434
39820.jpg;213;4;;;452;6;;;427;247;5;;;449;4;;;509;212;5;;;445;4;;;434
39862.jpg;240;4;;;439;4;;;431;232;2;;;474;4;;;427;220;3;;;479;4;;;438
3992.jpg;237;3;;;444;5;;;420;238;5;;;441;6;;;427;260;5;;;434;4;;;436
39926.jpg;224;7;;;449;5;;;430;216;6;;;432;4;;;444;228;1;;;452;4;;;450
39958.jpg;226;5;;;444;5;;;423;210;4;;;435;6;;;421;224;4;;;440;4;;;485
40043.jpg;215;4;;;455;6;;;428;227;4;;;433;2;;;433;220;4;;;551;5;;;437
40057.jpg;222;4;;;487;5;;;443;249;4;;;442;4;;;431;222;4;;;473;4;;;437
40121.jpg;242;5;;;448;4;;;434;207;4;;;444;4;;;431;239;5;;;447;4;;;448
40141.jpg;251;5;;;455;4;;;446;235;5;;;445;5;;;430;202;4;;;445;4;;;434
40178.jpg;229;3;;;439;5;;;431;244;5;;;450;2;;;447;246;6;;;488;5;;;432
40190.jpg;203;4;;;441;4;;;432;209;4;;;515;5;;;436;216;4;;;451;4;;;428
40214.jpg;242;5;;;497;4;;;431;231;5;;;439;6;;;424;226;5;;;444;4;;;436
40250.jpg;236;6;;;451;4;;;510;231;5;;;438;6;;;427;225;4;;;444;5;;;494
4027.jpg;248;5;;;475;5;;;433;237;4;;;499;6;;;435;250;6;;;445;5;;;524
40288.jpg;232;4;;;439;5;;;425;225;5;;;451;4;;;430;209;5;;;451;5;;;428
40292.jpg;212;4;;;439;5;;;434;219;5;;;449;5;;;424;224;3;;;448;4;;;434
40325.jpg;228;3;;;449;4;;;440;220;5;;;453;4;;;447;216;4;;;444;5;;;430
4033.jpg;243;4;;;501;5;;;456;235;6;;;437;4;;;423;202;4;;;446;5;;;439
40363.jpg;204;4;;;437;4;;;414;224;4;;;507;4;;;426;196;6;;;484;4;;;433
40388.jpg;237;3;;;443;6;;;431;232;5;;;446;6;;;454;215;1;;;433;2;;;436
40400.jpg;225;4;;;438;5;;;435;207;4;;;449;5;;;433;214;5;;;438;5;;;433
40439.jpg;213;4;;;457;4;;;427;222;4;;;451;5;;;436;216;5;;;445;5;;;433
40477.jpg;181;2;;;447;2;;;425;215;5;;;438;1;;;454;195;5;;;451;4;;;414
40481.jpg;184;4;;;447;6;;;428;210;6;;;480;5;;;434;224;4;;;445;6;;;420
40516.jpg;198;4;;;445;5;;;441;221;4;;;487;3;;;437;212;5;;;444;4;;;426
40553.jpg;191;5;;;455;5;;;433;206;4;;;435;4;;;429;229;3;;;507;5;;;444
40576.jpg;221;5;;;442;4;;;417;219;7;;;471;9;[[1.5535548098690388, -0.26596039022562684, 301.04263936054764], [0.5824673113387945, 0.8994417407544303, -444.07809644375993], [0.0013488361930735619, -0.00012421870535871119, 1.0]];[[2.6023544460327454e-07, -4.336398988513558e-06, 0.0016622320451219622], [3.4791487717648854e-06, 6.537786236089291e-07, -0.0016247147681113698], [-0.003142580569937879, 0.0005589009480278795, 1.0]];417;232;5;;;433;4;;;443
40591.jpg;221;5;;;499;6;;;434;217;5;;;442;5;;;433;228;5;;;447;5;;;431
4061.jpg;228;3;;;443;4;;;498;257;5;;;440;5;;;429;238;6;;;449;4;;;433
40627.jpg;207;4;;;437;5;;;439;258;4;;;437;4;;;426;238;6;;;446;4;;;430
40666.jpg;184;5;;;488;5;;;430;193;5;;;438;4;;;434;221;3;;;501;5;;;436
40672.jpg;226;6;;;435;4;;;439;203;4;;;441;3;;;438;217;4;;;446;5;;;430
40706.jpg;184;5;;;449;4;;;433;201;3;;;450;7;;;426;195;5;;;450;5;;;503
40742.jpg;210;6;;;431;5;;;435;210;3;;;445;2;;;430;202;4;;;445;4;;;435
40745.jpg;198;4;;;439;5;;;426;183;4;;;470;4;;;445;224;5;;;436;5;;;434
40784.jpg;198;4;;;436;5;;;434;186;5;;;444;4;;;433;208;6;;;455;4;;;431
40822.jpg;205;4;;;448;4;;;431;185;6;;;431;2;;;431;229;5;;;474;4;;;433
40825.jpg;200;6;;;428;4;;;438;203;6;;;439;6;;;424;214;7;;;429;4;;;438
40867.jpg;186;5;;;453;5;;;435;213;7;;;439;5;;;429;213;7;;;435;5;;;429
40891.jpg;195;5;;;440;5;;;587;221;5;;;460;4;;;433;200;4;;;439;6;;;432
40907.jpg;222;4;;;447;1;;;433;210;5;;;439;5;;;433;205;1;;;432;4;;;438
40946.jpg;189;2;;;507;5;;;428;211;5;;;433;4;;;426;208;6;;;439;3;;;429
40961.jpg;203;6;;;439;5;;;439;206;5;;;440;6;;;433;194;5;;;444;6;;;426
4097.jpg;231;4;;;443;6;;;422;240;4;;;438;4;;;432;268;5;;;436;4;;;441
40985.jpg;206;5;;;488;4;;;433;238;4;;;447;5;;;430;227;4;;;444;4;;;437
41027.jpg;206;5;;;444;3;;;424;248;4;;;483;3;;;429;233;5;;;452;6;;;432
41029.jpg;208;4;;;459;6;;;422;245;4;;;501;4;;;427;226;4;;;438;4;;;433
41066.jpg;199;3;;;447;2;;;427;255;5;;;437;4;;;428;221;6;;;431;3;;;435
41105.jpg;248;5;;;450;4;;;427;262;3;;;441;5;;;428;254;3;;;445;5;;;430
41107.jpg;225;4;;;447;4;;;432;253;5;;;438;3;;;431;236;4;;;440;5;;;437
41146.jpg;234;5;;;458;4;;;432;246;5;;;436;5;;;428;252;5;;;436;3;;;432
41182.jpg;241;5;;;487;5;;;431;258;4;;;445;6;;;431;246;3;;;434;4;;;429
41186.jpg;238;6;;;448;4;;;430;247;4;;;433;6;;;425;263;6;;;438;4;;;465
41228.jpg;243;5;;;438;0;;;431;249;5;;;435;5;;;430;230;7;;;432;2;;;430
41254.jpg;234;3;;;480;5;;;431;276;4;;;448;5;;;430;224;3;;;486;3;;;425
41270.jpg;247;5;;;448;6;;;432;253;4;;;561;5;;;450;261;4;;;437;4;;;511
4130.jpg;221;3;;;443;4;;;442;235;4;;;454;5;;;444;239;5;;;443;4;;;433
41309.jpg;245;3;;;505;5;;;440;238;5;;;448;5;;;429;233;5;;;499;6;;;429
41332.jpg;268;4;;;440;6;;;429;240;5;;;443;6;;;421;247;4;;;441;5;;;474
41350.jpg;266;5;;;443;3;;;438;237;4;;;607;6;;;425;244;5;;;444;4;;;472
41390.jpg;213;4;;;449;5;;;436;237;4;;;441;5;;;436;200;4;;;439;5;;;425
41411.jpg;222;5;;;438;5;;;431;223;5;;;445;5;;;430;204;6;;;443;5;;;431
41429.jpg;242;6;;;441;6;;;423;213;5;;;442;2;;;428;218;5;;;441;6;;;423
41471.jpg;217;4;;;440;5;;;433;207;5;;;453;2;;;438;202;5;;;440;3;;;436
41483.jpg;212;3;;;441;6;;;427;227;6;;;442;4;;;433;207;5;;;440;4;;;436
41512.jpg;248;5;;;463;5;;;435;244;5;;;440;4;;;427;235;0;;;563;5;;;439
41549.jpg;235;5;;;450;5;;;430;229;4;;;440;7;;;520;223;5;;;431;5;;;431
41567.jpg;238;5;;;447;4;;;445;225;5;;;442;2;;;435;220;5;;;438;3;;;430
41588.jpg;234;4;;;441;5;;;432;211;4;;;445;6;;;426;216;5;;;447;4;;;434
41629.jpg;231;4;;;531;4;;;442;205;5;;;449;5;;;427;240;5;;;452;4;;;585
41644.jpg;251;4;;;443;4;;;437;237;6;;;523;5;;;429;257;5;;;438;5;;;428
4166.jpg;233;5;;;517;4;;;442;226;5;;;445;5;;;434;236;3;;;453;5;;;429
41668.jpg;220;4;;;440;5;;;430;237;5;;;448;5;;;429;247;5;;;440;6;;;446
41707.jpg;249;4;;;513;2;;;432;231;6;;;521;5;;;434;233;4;;;438;5;;;426
41725.jpg;225;5;;;490;5;;;430;263;5;;;448;6;;;482;249;5;;;437;5;;;428
41746.jpg;234;4;;;436;6;;;432;246;5;;;444;5;;;514;242;4;;;439;4;;;432
41786.jpg;196;4;;;443;3;;;429;238;4;;;439;4;;;470;209;6;;;457;7;;;428
41801.jpg;208;5;;;447;4;;;519;240;3;;;445;5;;;431;232;4;;;491;6;;;421
41825.jpg;221;5;;;490;5;;;444;220;4;;;448;5;;;428;230;5;;;439;5;;;425
41864.jpg;204;4;;;445;5;;;431;226;4;;;445;5;;;435;255;5;;;438;6;;;424
41887.jpg;201;5;;;446;3;;;426;239;5;;;431;5;;;425;226;5;;;438;4;;;482
41903.jpg;191;5;;;449;5;;;426;217;3;;;480;5;;;434;238;5;;;465;6;;;429
41942.jpg;229;5;;;622;4;;;427;246;5;;;439;4;;;441;250;5;;;440;4;;;426
41971.jpg;215;5;;;436;7;;;449;251;5;;;466;6;;;446;242;4;;;443;6;;;420
41981.jpg;253;6;;;437;4;;;433;241;5;;;441;6;;;421;261;4;;;439;5;;;441
4199.jpg;222;5;;;448;4;;;429;234;6;;;436;4;;;426;198;6;;;506;5;;;435
42019.jpg;193;4;;;445;6;;;423;229;4;;;424;4;;;440;233;4;;;446;5;;;437
42050.jpg;205;5;;;454;5;;;427;191;4;;;436;5;;;427;235;5;;;439;4;;;434
42058.jpg;186;3;;;446;6;;;424;213;3;;;448;4;;;433;238;4;;;433;5;;;436
42098.jpg;239;4;;;451;5;;;433;219;6;;;433;5;;;428;240;2;;;448;5;;;439
42130.jpg;217;4;;;444;5;;;432;207;4;;;438;5;;;435;234;6;;;430;5;;;439
42137.jpg;234;5;;;450;5;;;472;230;6;;;437;2;;;436;259;6;;;452;3;;;466
42176.jpg;224;5;;;444;5;;;435;243;5;;;455;4;;;430;239;4;;;446;5;;;428
42206.jpg;249;2;;;495;2;;;437;251;5;;;458;4;;;482;257;4;;;456;4;;;450
42217.jpg;226;3;;;444;7;;;419;248;4;;;440;4;;;435;266;5;;;449;5;;;434
42257.jpg;221;4;;;456;6;;;432;250;5;;;445;5;;;428;267;4;;;479;5;;;431
42289.jpg;239;4;;;443;4;;;528;239;5;;;446;6;;;413;266;2;;;459;6;;;420
42296.jpg;239;4;;;440;6;;;433;250;4;;;481;4;;;498;244;5;;;435;6;;;419
42335.jpg;223;4;;;434;4;;;424;261;5;;;443;5;;;428;247;5;;;441;4;;;430
4235.jpg;227;4;;;438;4;;;435;252;5;;;444;4;;;422;190;6;;;436;2;;;484
42365.jpg;217;5;;;626;7;;;420;256;5;;;443;5;;;431;242;4;;;460;3;;;521
42376.jpg;232;3;;;438;5;;;430;236;4;;;442;4;;;427;249;5;;;490;4;;;431
42416.jpg;238;3;;;437;5;;;430;239;4;;;444;5;;;423;271;3;;;441;5;;;429
42440.jpg;234;4;;;450;4;;;439;232;4;;;510;4;;;431;251;4;;;440;4;;;440
42457.jpg;227;4;;;576;5;;;512;244;4;;;442;2;;;432;240;4;;;476;5;;;433
42497.jpg;224;5;;;435;5;;;428;240;3;;;443;4;;;427;213;5;;;439;5;;;491
42521.jpg;220;3;;;439;4;;;436;222;6;;;437;4;;;435;229;5;;;438;4;;;432
42538.jpg;226;4;;;455;4;;;438;219;5;;;452;5;;;435;238;5;;;441;7;;;421
42578.jpg;213;3;;;441;4;;;426;203;6;;;440;5;;;451;205;4;;;446;5;;;428
42604.jpg;198;5;;;444;3;;;446;215;6;;;433;4;;;435;211;4;;;473;5;;;443
42620.jpg;184;5;;;451;4;;;429;210;6;;;447;5;;;445;246;5;;;448;5;;;432
42662.jpg;236;5;;;435;4;;;435;216;4;;;444;6;;;423;231;4;;;450;6;;;419
42689.jpg;215;4;;;438;4;;;436;201;5;;;443;4;;;454;236;6;;;458;4;;;437
4270.jpg;210;4;;;445;4;;;434;246;4;;;464;4;;;436;249;5;;;524;4;;;428
42703.jpg;216;5;;;434;4;;;426;225;4;;;445;5;;;432;213;5;;;453;5;;;429
4274.jpg;218;5;;;437;4;;;437;231;4;;;445;5;;;431;214;5;;;502;5;;;438
42745.jpg;217;4;;;438;5;;;430;218;5;;;446;5;;;431;224;4;;;444;6;;;429
42776.jpg;219;5;;;437;2;;;428;235;6;;;439;5;;;460;226;3;;;446;4;;;431
42785.jpg;233;3;;;435;6;;;428;229;5;;;446;4;;;435;229;4;;;505;5;;;422
42824.jpg;251;3;;;462;5;;;442;237;4;;;442;5;;;426;252;5;;;440;5;;;426
42859.jpg;245;5;;;432;5;;;426;226;5;;;455;5;;;434;256;6;;;429;4;;;427
42865.jpg;263;4;;;439;6;;;504;235;4;;;440;5;;;431;263;5;;;438;5;;;431
42905.jpg;239;5;;;445;3;;;432;243;5;;;437;6;;;441;227;5;;;443;4;;;428
42940.jpg;206;5;;;437;5;;;430;233;5;;;444;5;;;456;243;4;;;443;4;;;430
42946.jpg;216;4;;;452;5;;;435;216;3;;;435;5;;;439;222;6;;;442;5;;;433
42986.jpg;223;5;;;447;4;;;433;188;5;;;446;5;;;463;215;6;;;439;6;;;421
43019.jpg;219;5;;;435;4;;;430;211;5;;;434;6;;;430;227;4;;;444;4;;;430
43028.jpg;218;4;;;442;4;;;434;200;4;;;511;5;;;430;202;5;;;450;5;;;428
4304.jpg;203;5;;;444;5;;;432;234;4;;;443;5;;;435;214;4;;;437;5;;;433
43067.jpg;209;4;;;438;5;;;491;201;5;;;454;6;;;422;223;5;;;437;4;;;425
43099.jpg;194;2;;;438;3;;;435;200;5;;;443;4;;;434;227;6;;;456;5;;;441
43108.jpg;198;5;;;447;4;;;431;176;4;;;437;4;;;435;205;6;;;438;4;;;430
43148.jpg;175;5;;;448;4;;;494;200;5;;;511;3;;;437;213;5;;;447;4;;;489
43177.jpg;168;4;;;467;5;;;446;203;6;;;572;4;;;433;215;2;;;458;4;;;429
43187.jpg;165;5;;;499;4;;;424;159;6;;;434;5;;;435;189;4;;;459;4;;;431
43229.jpg;161;6;;;506;4;;;431;192;5;;;435;20;[[0.8880545369596982, -0.18651010800144377, 296.11743857357396], [0.09755921488146667, 0.8049953419422181, -405.4945071890072], [1.114869270191241e-05, -0.00010453360841601028, 1.0]];[[2.6855092220884096e-07, -2.6537712469194416e-06, 0.002151379712390457], [2.759746608592121e-06, 1.6147722125576114e-07, -0.0037511170545704202], [-0.004114919767400898, 0.0030602400272478317, 2.481390977167932]];413;179;6;;;444;4;;;430
43249.jpg;143;5;;;445;5;;;427;172;5;;;453;16;[[0.9362105204101222, -0.17028181024466346, 58.069143902594405], [0.10573573377237848, 0.8636166146240277, -452.5423473484488], [2.5184507297646587e-05, -7.655965128857979e-05, 1.0]];[[1.738704381696857e-07, -1.6672720929144e-06, 0.0005688417264012738], [1.6169832385446425e-06, 5.774667361850875e-08, -0.00199838139958024], [-0.001661310419918252, 0.0021894883680216386, 1.0]];420;187;3;;;453;4;;;426
43270.jpg;151;5;;;442;3;;;443;143;5;;;437;18;[[0.9088098095979109, -0.15609885002902069, 169.82287576717826], [0.08932892060918564, 0.8204251689581179, -462.6941938130042], [2.49903061294916e-05, -0.00010613901001968604, 1.0]];[[-1.5366380789293777e-07, 2.3651696855214215e-06, -0.002411258141302135], [-2.324666336812664e-06, -4.0637761015834426e-07, -0.0004252035035712423], [0.0036737966999216827, 0.0012472375142027477, 0.06920145195622851]];420;170;5;;;450;2;;;439
43312.jpg;173;5;;;440;5;;;435;169;4;;;441;21;[[0.918541723498161, -0.14366472003141392, 294.93211965257115], [0.0785416441279073, 0.8348739503613688, -373.1684736777087], [3.121449528808883e-05, -0.00010070605243751595, 1.0]];[[0.6535803051781398, -7.455007610259112, 1249.9957009059217], [6.973762919992686, 0.9796961277401033, -2375.430617054598], [-4672.407627328372, 81.65295719074709, 1447517.8322710202]];414;201;3;;;449;5;;;432
43315.jpg;160;4;;;450;4;;;433;163;5;;;443;16;[[0.8985791380556527, -0.14065775924815804, 120.6783194681804], [0.06822427600755095, 0.8262893925707594, -477.09421499205644], [1.3369202919233108e-05, -9.397701401354708e-05, 1.0]];[[3.097335744813042e-08, -5.112022256967518e-07, 0.0005444111832653216], [4.539252780643604e-07, 3.2850548803162886e-07, 0.0025009036005631683], [-0.0006003650119494417, -0.0030955747772917147, -1.4437985537041984]];412;177;4;;;441;3;;;433
43355.jpg;163;5;;;430;4;;;440;175;4;;;447;3;;;425;171;5;;;444;7;;;428
43378.jpg;191;4;;;444;4;;;439;199;3;;;443;1;;;433;185;6;;;519;5;;;455
4339.jpg;212;3;;;442;5;;;430;269;4;;;445;5;;;433;231;4;;;437;2;;;437
43397.jpg;177;6;;;434;5;;;427;173;3;;;452;4;;;441;201;5;;;460;3;;;443
43439.jpg;203;7;;;442;4;;;433;154;7;;;442;8;[[0.7209666527259396, -0.16252957324886158, 42.45180863150826], [0.23587820749269187, 0.8194399659760698, -436.2405389597063], [-0.0001841276342207849, -0.0002383673717330871, 1.0]];[[2.815568635000462e-06, -4.85730640387278e-06, -0.001489966367314202], [3.976315009123705e-06, -1.8291066119615852e-06, -0.000983064520057666], [-0.002647028013432828, 0.002768244765580804, 1.0]];416;211;4;;;491;4;;;437
43441.jpg;189;5;;;452;4;;;438;189;4;;;438;6;;;432;228;5;;;449;5;;;458
43484.jpg;190;4;;;456;5;;;435;189;5;;;438;6;;;420;190;6;;;433;4;;;550
43499.jpg;197;6;;;450;7;;;424;188;4;;;443;6;;;425;212;4;;;520;1;;;424
43526.jpg;214;4;;;442;4;;;465;206;4;;;434;5;;;433;215;6;;;437;5;;;433
43559.jpg;200;5;;;448;4;;;430;211;5;;;438;5;;;491;235;5;;;438;5;;;430
43570.jpg;225;4;;;434;5;;;470;209;4;;;441;2;;;478;195;5;;;536;4;;;428
43613.jpg;238;6;;;457;5;;;447;209;4;;;480;4;;;429;224;5;;;435;4;;;436
43616.jpg;214;4;;;447;5;;;437;226;2;;;449;4;;;524;233;5;;;443;7;;;422
43655.jpg;209;6;;;433;5;;;429;232;4;;;465;4;;;437;223;5;;;493;5;;;430
43673.jpg;176;3;;;438;3;;;440;219;5;;;532;4;;;435;216;4;;;440;5;;;436
43697.jpg;199;5;;;444;3;;;432;211;5;;;444;5;;;426;208;6;;;430;5;;;431
4373.jpg;232;4;;;449;5;;;436;235;4;;;448;3;;;444;260;5;;;445;4;;;488
43732.jpg;194;4;;;432;4;;;414;216;3;;;443;4;;;433;210;4;;;437;4;;;439
43739.jpg;203;4;;;461;6;;;425;226;4;;;438;7;;;422;223;5;;;438;4;;;430
43781.jpg;195;5;;;450;3;;;477;200;4;;;443;5;;;434;200;5;;;446;4;;;423
43790.jpg;184;1;;;441;6;;;443;201;5;;;447;6;;;419;207;3;;;436;4;;;428
43823.jpg;200;6;;;443;5;;;435;197;7;;;433;5;;;452;204;4;;;522;7;;;427
43850.jpg;170;3;;;441;5;;;435;208;5;;;504;6;;;436;202;5;;;439;4;;;425
43867.jpg;200;5;;;491;5;;;431;234;5;;;447;5;;;430;218;5;;;444;4;;;436
43909.jpg;204;5;;;449;5;;;433;201;5;;;443;4;;;423;206;5;;;442;5;;;438
43913.jpg;192;4;;;455;5;;;514;187;5;;;474;5;;;434;210;4;;;438;4;;;444
43952.jpg;207;5;;;483;5;;;430;203;6;;;435;4;;;428;221;6;;;504;4;;;436
43976.jpg;194;4;;;465;2;;;429;200;5;;;442;4;;;437;212;4;;;432;4;;;479
43994.jpg;186;6;;;441;6;;;407;182;4;;;442;5;;;424;208;6;;;434;5;;;437
44036.jpg;168;5;;;449;4;;;436;187;4;;;440;5;;;433;188;5;;;552;4;;;433
44038.jpg;167;4;;;439;6;;;429;173;6;;;486;6;;;485;171;4;;;438;6;;;511
4406.jpg;231;5;;;444;5;;;412;255;4;;;448;4;;;445;272;5;;;442;4;;;417
44078.jpg;182;5;;;445;4;;;415;193;4;;;446;22;[[0.8736325166024562, -0.1693853432876456, 343.52691168087273], [0.08202937458885244, 0.8265381952972756, -436.7801688713264], [-4.2385684165687455e-06, -8.679823192944854e-05, 1.0]];[[8.003938112601023e-07, -8.270732970392128e-06, 0.00597837089821073], [8.458363583949812e-06, 6.421334346830467e-07, -0.010204521711647966], [-0.011940981402074837, 0.007534421435633, 7.370876304036094]];416;192;6;;;432;4;;;460
44102.jpg;152;5;;;437;5;;;430;171;4;;;583;4;;;428;167;4;;;508;6;;;418
44120.jpg;177;5;;;446;4;;;429;199;4;;;433;4;;;434;209;4;;;492;4;;;439
44161.jpg;171;5;;;445;13;[[0.8966114460993198, -0.14265650161113347, 368.08945057502683], [0.06980268461735921, 0.8570843709410682, -403.97570577725776], [-2.4992244622563094e-06, -7.110823787376342e-05, 1.0]];[[2.1055377609293254e-07, -2.503969484677869e-06, 0.0010228437618273476], [2.476665776524575e-06, 3.1026082828504386e-07, -0.0011750629841141245], [-0.0023790027009571914, 0.00014511129134349315, 0.9321015255262162]];414;189;5;;;514;12;[[0.8734572680823, -0.14922046316031456, 381.17095456998004], [0.07071109831753382, 0.8390032534653554, -397.8603064818868], [-1.5169704339891888e-05, -7.305836658717208e-05, 1.0]];[[8.525367263611307e-08, -1.0257339498516474e-06, 0.000523880431422642], [1.0092117928621065e-06, 2.5848427102786464e-08, -0.0016475460543670893], [-0.001184179321112597, 0.0014163527542759226, 1.0]];440;176;5;;;445;5;;;439
44167.jpg;178;4;;;460;4;;;443;195;4;;;477;14;[[0.8433645898976304, -0.16814676868399453, 223.584443039889], [0.06515486707459586, 0.8003453830974293, -463.2812668919457], [-1.572796488489967e-05, -9.212951886255208e-05, 0.9999999999999999]];[[2.2161384205260742e-08, 1.3425521155653165e-07, 0.0019511058195868416], [9.058239370880594e-08, 3.7643389553809156e-08, 0.00016141395572787155], [-0.0021862510273217652, -0.0006415006524075835, 0.1865458248349543]];409;193;5;;;460;4;;;428
44203.jpg;189;0;;;550;5;;;427;152;5;;;446;21;[[0.8364126429721817, -0.1735387916065378, 327.2625177785499], [0.06389100927334804, 0.7869996236566644, -403.43572408425416], [-1.988345599011026e-05, -9.929418763087015e-05, 1.0]];[[1.6546926254982098e-07, -1.689140418904329e-06, 0.0013887117279739074], [1.690851465289914e-06, -1.3685747007905237e-07, -0.004030187967317515], [-0.0027841374620809272, 0.004071492375407897, 2.5434975808505937]];413;174;5;;;450;3;;;434
44233.jpg;175;4;;;436;10;[[1.2599762362711844, -0.5337784087781703, 90.88208000852967], [0.5661550984319763, 0.623362289003155, -771.6216538534818], [0.00030842133348562005, -0.00040456395468946364, 1.0]];[[-3.2150904665755544e-07, 2.8160822465710618e-06, 0.0018193467518549606], [-1.5340332788257757e-06, -1.5632056784491949e-06, -0.0018258682375717357], [-0.0015993124616731562, 0.002515539181916222, 1.0]];420;183;5;;;448;17;[[0.8515100784564676, -0.17674027133824907, 134.70175749201053], [0.06873951717603508, 0.7938767348662542, -360.062169482196], [-1.1851310464214914e-05, -0.00010196941308498908, 1.0]];[[3.7073736380516185e-07, -4.0064781651756145e-06, 0.0027291628214969567], [4.061888545735912e-06, 1.3431258394227925e-07, -0.006054616490035634], [-0.005452984300799645, 0.006133190024018139, 2.972441100175899]];454;189;4;;;439;4;;;443
44245.jpg;184;4;;;446;5;;;427;217;5;;;439;12;[[0.8766408677450004, -0.15685121684703227, 247.99872908290234], [0.07503304758387468, 0.8233948024719692, -482.52508104171534], [-8.808385363140787e-07, -8.436385641248556e-05, 0.9999999999999999]];[[-2.499868441950929e-07, 2.8346983604066687e-06, -0.001976740273289505], [-2.8533078484376703e-06, -1.292567313483507e-07, 0.00459477437898772], [0.004210825035230991, -0.004206568535834032, -3.104625710227362]];411;183;4;;;438;4;;;430
4427.jpg;218;4;;;450;4;;;511;251;5;;;440;4;;;437;260;4;;;443;3;;;428
44287.jpg;182;3;;;450;6;;;421;199;6;;;433;9;[[0.8915402567664672, -0.1747081505069682, 364.05205031697415], [0.06890022622746288, 0.8365337527614147, -410.8828027485352], [-3.39798836985271e-06, -8.258989281715237e-05, 1.0]];[[-8.523035786325908e-08, 1.954364290875685e-07, -0.0012794854219042014], [-2.7436972544402716e-07, 1.3320283353201878e-07, 0.0016544161076453346], [0.0017903122564598404, -0.0016822945021224432, -1.329696527492624]];420;188;6;;;441;5;;;432
44302.jpg;176;3;;;498;5;;;435;201;4;;;445;14;[[0.8006760828778273, -0.13223876065721216, 189.42236679895424], [0.05188638663970451, 0.8115745824825297, -421.4188124748092], [-5.28915508083066e-05, -6.0853375222786505e-05, 1.0]];[[1.956647203839641e-07, -3.7791485829992255e-06, -0.0007104451485879721], [3.478226501006471e-06, 2.581321494112379e-07, -0.0041814846788318675], [-0.0012638985613975134, 0.004458483927876522, 2.0896925202498364]];424;187;4;;;449;5;;;431
44329.jpg;179;5;;;446;5;;;453;178;5;;;460;14;[[0.8319528748353954, -0.1430822033054961, 313.4105840519308], [0.06098205351844972, 0.8315987792505085, -459.4716754349877], [-3.421303715354287e-05, -6.512154483307772e-05, 1.0]];[[-6.037128014178462e-09, 4.342091217142827e-08, -0.0021404454913537875], [-2.662406552788645e-07, -4.0738525851851937e-07, -0.002676335447676845], [0.0021832890694718256, 0.003871107767601178, 1.0]];422;200;5;;;437;4;;;428
44371.jpg;195;5;;;443;13;[[0.8521628205831461, -0.13194808239820802, 391.2669997777697], [0.06563167185091794, 0.8628896304509558, -413.9425987252853], [-5.828532699278536e-05, -3.394951403894227e-05, 1.0]];[[-4.962166864862625e-07, 4.5129780218345905e-06, -0.002446788089260024], [-4.432429281685582e-06, -3.618497520020309e-07, 0.005676523645208776], [0.005397277784370244, -0.004124693921618064, -3.8218997021328636]];535;184;5;;;542;6;;;424;198;5;;;451;5;;;489
44374.jpg;186;5;;;437;15;[[0.8897379842052937, -0.12529785095556195, 195.86234527484035], [0.07913202545358701, 0.8817094475526719, -542.2897119037084], [-1.8740701204587037e-05, -4.020359786250207e-05, 1.0]];[[1.5986585480455505e-07, -1.4074821356209977e-06, 0.000714534682815821], [1.3825019675582175e-06, 9.298335020485275e-08, -0.0014443964565041942], [-0.0017931053342160664, 0.0012844827119032033, 1.0]];421;187;6;;;438;4;;;438;206;4;;;442;6;;;414
4441.jpg;238;4;;;437;4;;;477;235;5;;;454;4;;;449;256;6;;;440;5;;;430
44411.jpg;201;5;;;441;7;;;423;193;5;;;443;25;[[0.8627744300137671, -0.1300230873381079, 297.96286992178534], [0.07146029050399816, 0.8946448622101016, -521.1047391874542], [-4.3637115916821974e-05, -3.971354444138581e-05, 1.0]];[[-2.452146003110356e-07, 1.4279270727799302e-06, -0.0025384532301556857], [-1.5216345510254312e-06, -1.359739160673279e-07, 0.0018637061421877467], [0.0038862302620875527, -0.0011835248923854427, -1.762561080311127]];411;162;4;;;445;1;;;437
44450.jpg;178;5;;;442;11;[[0.8364306604053957, -0.1624757263771081, 107.63939347198381], [0.06181240410166963, 0.8261808202934404, -343.84937930455385], [-4.991967959450694e-05, -7.468553019898108e-05, 0.9999999999999999]];[[1.6866808505077735e-07, -1.6318295319872108e-06, 0.0006739384619479446], [1.585021538301603e-06, 1.2591496392322663e-07, -0.002256238081495763], [-0.0016457220866798808, 0.0022859759592892682, 1.0]];414;198;4;;;473;12;[[0.8911137098260724, -0.11902393973361752, 55.34505621567777], [0.07561626289796997, 0.9221840826030009, -426.1828550403254], [-4.198581482406625e-05, -2.9137444186759157e-05, 1.0]];[[1.928794123422985, -16.569824807649347, 12158.564060584536], [16.57191324128867, 1.3555342324857274, -24749.60796371931], [-23100.78342571489, 23783.223351805776, 11418806.527173728]];413;170;5;;;445;4;;;438
44453.jpg;159;3;;;441;9;[[0.8428436022667453, -0.17041155147544437, 254.9563410247337], [0.0710661907343143, 0.8414662217876209, -521.3435698490919], [-4.3617513903341105e-05, -5.790814093747829e-05, 1.0]];[[-9.408318411480591e-08, 1.2801984383109226e-06, 0.0001439096296840703], [-1.1324951257820856e-06, -4.16113736798995e-08, 0.0026382883609418514], [0.0007733952206500195, -0.002799338004464143, -1.635911217627852]];425;168;5;;;437;7;;;432;168;5;;;452;3;;;456
44495.jpg;177;5;;;471;7;;;463;172;4;;;443;23;[[0.8475256101328863, -0.21834905037639377, 385.17612928736025], [0.09178423382703883, 0.8094410280695377, -454.7089031416325], [-3.0656598381188884e-05, -9.510860483077715e-05, 1.0]];[[3.7787173567183745e-07, -2.759539296726926e-06, 0.0028538729352535104], [2.809585744616655e-06, 1.589921204761578e-07, -0.0054434629175636], [-0.00526255922552026, 0.004482947205485768, 4.031251074067459]];490;161;4;;;446;5;;;426
44531.jpg;183;5;;;438;5;;;449;176;6;;;440;18;[[0.8194751086520717, -0.18789471440728683, 158.30990520429717], [0.08749888417987463, 0.8247185335134252, -369.06940861830657], [-4.923292274847727e-05, -7.650151444248443e-05, 1.0]];[[-2.4230161828754067e-07, 1.4347542858029122e-06, -0.0015344177298004897], [-1.4237619439925872e-06, -1.6446408414341108e-09, 0.0036161927018770116], [0.0028347397254497734, -0.0036140641264923493, -1.7807511836918033]];431;162;5;;;456;6;;;421
44537.jpg;155;5;;;438;5;;;434;177;5;;;445;15;[[0.8412658877343568, -0.21952871088880022, 286.1392102323425], [0.09718705657607207, 0.8011969295990531, -505.8050182601407], [-3.0303421865727418e-05, -9.592561459765752e-05, 1.0]];[[1.2462690678670517e-07, -1.1165489438516954e-06, 0.0006481249109342472], [1.0609419709904287e-06, 1.846744703104194e-07, -0.0014546090526577557], [-0.0014617901178933489, 0.0011411830666314942, 1.0]];410;157;5;;;438;4;;;434
44578.jpg;142;4;;;482;4;;;438;160;6;;;448;15;[[0.8064702987394181, -0.2043420590317353, 351.9370777866972], [0.0828977491316777, 0.7939113229544111, -445.73842225873744], [-4.996193860013057e-05, -9.467638196520704e-05, 1.0]];[[1.9426733537035573e-07, -1.3402171500723947e-06, 0.001211088062276083], [1.424649342063032e-06, 2.0041633073848178e-07, -0.0011288096707092615], [-0.002291093442419206, 0.0004945365225960273, 1.0]];455;174;4;;;440;5;;;433
44620.jpg;187;4;;;443;5;;;435;152;4;;;447;11;[[0.8764042224283924, -0.16665510773165423, 402.0661099356498], [0.09598830883921028, 0.8728526251072314, -447.51646323428815], [-4.292983416274118e-05, -4.609863988232179e-05, 1.0]];[[2.8746044146385416e-07, -1.8416937029292567e-06, 0.0024858517201750137], [1.9107665766360814e-06, 1.0539053772189265e-07, -0.0037684189979536164], [-0.00411260192481525, 0.0029139622375878955, 2.9491523588845077]];420;183;4;;;531;5;;;464
44621.jpg;167;5;;;435;5;;;438;164;6;;;435;7;;;418;196;4;;;438;4;;;423
44660.jpg;170;3;;;477;4;;;429;175;5;;;452;12;[[0.8558601250831442, -0.19455182777508642, 314.46957334669327], [0.09424300240640884, 0.8464554995645834, -501.00664366464224], [-4.1209680904873796e-05, -6.426289163513678e-05, 1.0]];[[6.244782472280465e-07, -4.3150127283138644e-06, 0.002677582416268435], [4.272414319074596e-06, 4.382647766929505e-07, -0.005668262523316906], [-0.0062027166092653565, 0.004524466711439233, 4.097291264792981]];415;184;3;;;494;3;;;417
44702.jpg;181;4;;;446;7;;;418;183;3;;;438;7;;;426;187;4;;;450;2;;;429
44720.jpg;188;4;;;442;5;;;448;173;5;;;441;10;[[0.8544482751299555, -0.2095419873495582, 189.48860547360826], [0.10227675397745781, 0.8576833171277812, -483.66125381535437], [-3.366893256634844e-05, -6.127587690540785e-05, 1.0]];[[0.5876930788007467, -3.8516978449926724, 3149.0320806755512], [3.966157226783667, 0.4499672009884985, -6132.698062994972], [-6511.219303218806, 5345.858354061794, 3767011.1762457862]];421;205;5;;;447;4;;;429
44743.jpg;193;5;;;442;5;;;452;202;5;;;449;7;;;442;186;4;;;445;4;;;411
4475.jpg;234;5;;;450;5;;;425;256;5;;;458;5;;;429;246;4;;;439;5;;;432
44783.jpg;164;6;;;452;3;;;433;171;5;;;441;2;;;433;176;4;;;482;4;;;427
44816.jpg;163;5;;;437;4;;;435;167;5;;;484;8;[[0.3720109166670945, -0.9665738591490934, 954.7311621718829], [0.14214645924744962, -0.42301948778790643, 525.4066465738513], [0.00011898477259566634, -0.0007612370291351074, 1.0]];[[13.132888184532902, -60.55406723809193, 34395.19046670072], [26.80710744019352, 66.53965005223736, -84220.3111562096], [-46662.09597398214, -4842.740714989952, 56464579.18783395]];413;187;5;;;440;4;;;417
44825.jpg;168;4;;;441;6;;;424;175;5;;;486;15;[[0.8486312174983903, -0.2572356865370898, 239.8795278702788], [0.11202552652005937, 0.7646713544175274, -520.5553770430456], [-2.0609816865128374e-05, -0.00013495248171480642, 0.9999999999999999]];[[1.6927472296263146e-07, -1.1704616298179862e-06, 0.0008556870191447471], [1.1908432844596738e-06, 1.6547818675642902e-07, -0.001358113230392876], [-0.0018792334529845896, 0.001040388196207053, 1.0]];467;173;4;;;444;6;;;429
44867.jpg;168;5;;;431;4;;;453;182;4;;;439;12;[[1.1453398823825394, -0.17916085182379893, 151.7937604229343], [0.18112840124878973, 1.023102711942289, -711.7713487572116], [6.493235641908146e-05, -4.4557076203473375e-05, 1.0]];[[1.1809763080923994e-07, -9.122570917236228e-07, 0.0005127961470289336], [9.166220195398685e-07, 8.095936524653871e-08, -0.001413328122372999], [-0.0012738990511239905, 0.0011677805929639629, 1.0]];435;182;6;;;446;4;;;439
44908.jpg;177;5;;;443;6;;;523;165;4;;;445;4;;;434;175;4;;;443;5;;;433
44911.jpg;157;6;;;428;5;;;440;175;4;;;453;2;;;420;140;5;;;442;3;;;413
4492.jpg;196;5;;;445;5;;;433;253;5;;;455;4;;;492;246;4;;;502;4;;;442
44948.jpg;156;5;;;492;6;;;427;188;5;;;447;6;;;422;165;5;;;436;5;;;431
44990.jpg;178;4;;;450;5;;;452;158;5;;;442;7;;;418;169;6;;;470;5;;;435
45008.jpg;163;5;;;447;5;;;431;179;3;;;485;10;[[0.8825374898833473, -0.18792927163475184, 118.69272664089394], [0.11806085297303942, 0.8672398500895232, -522.2015777744165], [-4.275064378007398e-05, -6.469442066606324e-05, 1.0]];[[1.821868722935638e-07, -1.2613667431373465e-06, 0.00025991483851212235], [1.1959725033337271e-06, 1.516971979026096e-07, -0.0016585826323609755], [-0.0012311977033751867, 0.0016166180410533072, 1.0]];416;172;5;;;440;6;;;429
45034.jpg;145;2;;;442;5;;;424;169;4;;;440;13;[[0.9975850594014511, -0.23435189908316345, 196.19716197169265], [0.16545953826832563, 0.9173918514927973, -643.8044610220697], [2.1577498674788427e-05, -8.286120051620938e-05, 1.0]];[[1.9220103922791803e-07, -1.1341588147680168e-06, 0.00012045889885398445], [1.105451537419768e-06, 1.4807864318776604e-07, -0.0013944463199059547], [-0.0011283767588624865, 0.001201989348910777, 1.0]];477;146;3;;;471;3;;;441
45073.jpg;145;4;;;440;5;;;445;166;6;;;433;16;[[0.9286500554756054, -0.19268127735363855, 290.7812991221026], [0.12224155765339781, 0.9363097785653405, -599.6139267801004], [-3.124062058620227e-05, -5.5587489405289584e-05, 1.0]];[[-6.294274450707856e-07, 3.934385513698954e-06, -0.0026476981970111526], [-3.938004320619063e-06, -3.831410747106741e-07, 0.0057667860812741535], [0.005974504081011472, -0.0044700896165573035, -4.236462951362178]];413;151;5;;;435;4;;;429
45109.jpg;159;4;;;440;3;;;433;161;5;;;449;16;[[0.8394007261750503, -0.3218903365391898, 149.82528848635013], [0.11582473030393547, 0.6981389109362331, -340.1329632593635], [-1.5581183872655402e-05, -0.00020032325154435864, 1.0]];[[6.495069850441477e-07, -4.150596156446643e-06, 0.0027381988091153236], [4.22317294102547e-06, 4.860990441790597e-07, -0.005761587639278034], [-0.005817385117086877, 0.005283754722051718, 2.8300387319030382]];412;157;5;;;440;4;;;434
45113.jpg;168;4;;;462;4;;;433;174;4;;;433;14;[[0.8959506816106833, -0.24688607284550962, 221.17762336386934], [0.12413315037351945, 0.8574584025932053, -617.2544182156764], [-2.2443950721347326e-05, -9.576293988487328e-05, 1.0]];[[0.331004978572194, -2.067331795511988, 2433.7964973502285], [2.262948472457015, 0.23392231378220352, -3455.2543142166373], [-4556.178661308058, 2619.775815946782, 2634055.290582761]];415;163;4;;;438;4;;;430
45155.jpg;164;7;;;434;4;;;433;176;5;;;433;4;;;429;178;5;;;438;4;;;440
45196.jpg;161;5;;;486;4;;;426;184;5;;;437;10;[[1.0447366146384418, -0.2334526248909053, 306.42910301593537], [0.16738366234348184, 0.9655109223658045, -628.6831523812591], [2.4045986306996204e-05, -7.874744488161918e-05, 0.9999999999999999]];[[8.604824763774785e-07, -5.874470818823331e-06, 0.004701216848006047], [6.01469928382798e-06, 8.217449473303578e-07, -0.00758795617717026], [-0.009237682808997899, 0.0047638768255393316, 5.8344362328220525]];426;138;5;;;445;5;;;415
45209.jpg;151;4;;;435;4;;;501;173;5;;;446;5;;;425;151;6;;;445;5;;;420
45236.jpg;159;5;;;439;5;;;430;181;5;;;553;5;;;434;152;6;;;469;4;;;426
45278.jpg;175;4;;;486;6;;;417;163;5;;;440;7;;;429;160;4;;;466;16;[[0.9742624060610323, -0.2775825016507075, 312.04000016525254], [0.15203741413037236, 0.925185420311213, -619.5023024254492], [9.059897111955226e-06, -0.00011523130769841649, 1.0]];[[8.604911587062547e-07, -5.341983178835701e-06, -0.0011877673704000663], [4.950897964634983e-06, 1.025249363335437e-06, -0.0041155720892087425], [-0.0028611631349578334, 0.0029354633058412414, 2.680372484674324]];410
4528.jpg;216;2;;;440;5;;;433;269;5;;;447;5;;;428;245;2;;;443;4;;;426
45313.jpg;174;5;;;442;4;;;432;176;5;;;512;20;[[0.9048861260104555, -0.25018008832557137, 67.74395831641345], [0.11210762282513059, 0.8668556162047799, -435.12044532964836], [-3.477981306690759e-05, -0.00010690629650926333, 1.0]];[[2.1736015822545907e-07, -1.3882318734228723e-06, 0.0011594175163997177], [1.432526718545884e-06, 1.4847008137744549e-07, -0.002157624733612828], [-0.00217571264267716, 0.001935040534409821, 1.0]];417;146;5;;;449;28;[[0.926191332778362, -0.24947888762510034, 45.25006651003978], [0.11616264116117501, 0.872868765366767, -448.6810636863006], [-2.75919597811684e-05, -0.00011523753734791774, 1.0]];[[-8.962873927664208e-07, 6.0550265988015055e-06, -0.00427416118701085], [-6.162420216550303e-06, -8.475706632896128e-07, 0.0068856513022625835], [0.00827173582325197, -0.006067444901322739, -3.090075576051145]];425
45319.jpg;179;5;;;438;4;;;423;185;5;;;442;17;[[0.9022145296618986, -0.2616829068684346, 199.23811384829327], [0.1189279420529818, 0.8406577482455431, -585.4564842729744], [-2.3546132339313703e-05, -0.00011750382480738571, 1.0]];[[7.635794335848692e-07, -5.040301510098993e-06, 0.0037136387432738444], [5.142497472734578e-06, 5.875887202131573e-07, -0.006905867874590561], [-0.008176280773693007, 0.00565481934906184, 4.890119844143221]];414;161;4;;;459;24;[[0.9062359178451603, -0.24080288590222607, 175.1506440988813], [0.11309417565999423, 0.8609595944664703, -604.1801997115487], [-2.9786247335885672e-05, -0.00011012532536468567, 1.0]];[[3.8410006984900626e-07, -2.367338135530009e-06, 0.00268827121870249], [2.510263518033948e-06, 2.3268414965659194e-07, -0.0037764442218011273], [-0.004888933040129943, 0.0029946469019800203, 2.668596459268242]];408
45359.jpg;165;6;;;474;4;;;440;161;5;;;494;16;[[0.9455029449326409, -0.23702576107421158, 243.17865628984242], [0.1373583428491322, 0.9261100902674492, -636.1160634715892], [-2.2943199824001462e-05, -8.205703858223908e-05, 1.0]];[[1.1137640595978491e-07, -7.037178409079921e-07, 0.0006435739652605149], [7.38949132961171e-07, 6.312529080429127e-08, -0.001364388454362464], [-0.0013075880237528844, 0.0010761401846004067, 1.0]];408;172;5;;;438;5;;;430
45401.jpg;168;5;;;439;4;;;432;175;5;;;446;8;[[0.8781796168755461, -0.0033986551951689253, 242.71166507724053], [0.06444380338400345, 1.1495681334915322, -697.7765580922431], [-0.0001459133960047228, 0.00011729320389424081, 1.0]];[[-2.093268324221319, 10.48221835757377, -2680.725218635467], [-9.141506961965636, -0.8776874056508026, 10882.002789676642], [10760.789615043412, -9414.690894352003, -7750997.19802265]];498;186;4;;;445;9;[[1.5547328059994163, -0.2727507999387382, 348.5168193933974], [0.09286090954636493, 1.67408854943049, -1084.0941296040926], [-0.00021831989704032992, 0.0003885105310161701, 1.0]];[[7.229517234912725e-08, -4.957620479534451e-07, 0.0002985786752374805], [2.307718996679238e-07, 3.152388613738381e-07, -0.0014874068240485186], [-0.0004578519532861091, 0.0008916954554271083, 1.0]];445
45418.jpg;170;5;;;438;5;;;434;190;4;;;441;8;[[3.667315476238905, -0.26030187875154226, -1746.6338197446098], [1.0201836011848362, 2.5481386997603215, -2590.6429065392504], [0.0007647223502476189, 0.00021074958242392152, 1.0]];[[2.3385800243724456e-07, -1.2875052294034746e-06, 0.0007799304128048646], [1.1867378950821914e-06, 3.677677016746007e-07, -0.0015888998756179971], [-0.001751497560241977, 0.0011307434734109329, 1.0]];413;164;4;;;439;5;;;444
45442.jpg;172;5;;;437;3;;;440;200;3;;;446;5;;;434;173;5;;;440;5;;;424
45482.jpg;171;5;;;510;5;;;437;183;4;;;446;4;;;433;172;3;;;489;4;;;440
45518.jpg;175;5;;;444;5;;;437;193;4;;;500;6;;;427;191;4;;;442;4;;;432
45524.jpg;197;5;;;446;4;;;429;187;6;;;427;2;;;516;177;5;;;442;5;;;439
45563.jpg;172;5;;;448;4;;;448;202;4;;;438;4;;;436;177;5;;;475;5;;;432
45605.jpg;182;4;;;435;4;;;432;220;5;;;434;4;;;421;179;5;;;444;4;;;432
45617.jpg;183;6;;;481;4;;;423;202;5;;;434;6;;;428;181;5;;;467;5;;;427
45644.jpg;199;1;;;436;5;;;696;237;4;;;442;3;;;439;196;4;;;441;5;;;429
45686.jpg;200;6;;;428;3;;;434;212;4;;;442;4;;;431;215;4;;;442;5;;;426
45719.jpg;203;4;;;478;5;;;430;233;5;;;448;5;;;430;201;4;;;434;5;;;428
45725.jpg;244;4;;;457;6;;;430;228;4;;;438;4;;;434;228;5;;;435;6;;;427
45767.jpg;218;7;;;444;6;;;428;226;4;;;435;5;;;430;223;4;;;439;4;;;439
45806.jpg;227;5;;;442;6;;;422;207;5;;;443;4;;;432;237;5;;;466;5;;;439
45818.jpg;225;4;;;448;4;;;429;221;3;;;440;6;;;425;219;4;;;436;3;;;437
45847.jpg;225;4;;;452;4;;;445;227;4;;;436;5;;;453;228;4;;;443;1;;;423
45887.jpg;205;5;;;449;5;;;428;224;4;;;447;6;;;423;235;4;;;444;2;;;436
45917.jpg;219;5;;;450;6;;;421;216;5;;;481;5;;;435;218;4;;;443;10;[[1.1410914879912553, -0.20336177547805842, -162.66046702176726], [0.11408715219333565, 1.1398029478679403, -737.8977781781468], [-3.3752657152329574e-05, -3.956865449054174e-05, 1.0]];[[1.0303681067555415e-07, -9.379020971960208e-07, -7.260486169621285e-05], [8.972560246606624e-07, 4.6634439927217424e-08, -0.0015846305203467393], [-0.0006725890591489202, 0.0015851893082196008, 1.0]];432
45926.jpg;208;4;;;468;5;;;440;234;5;;;438;4;;;428;236;4;;;501;5;;;468
45968.jpg;221;4;;;454;5;;;437;223;5;;;442;6;;;428;212;5;;;445;4;;;435
4598.jpg;230;5;;;433;4;;;512;251;4;;;546;5;;;432;246;4;;;453;5;;;433
46007.jpg;238;4;;;435;5;;;431;233;6;;;438;4;;;437;235;4;;;444;4;;;431
46016.jpg;217;5;;;430;5;;;440;220;5;;;458;5;;;469;228;4;;;441;4;;;438
46049.jpg;246;5;;;441;5;;;437;250;5;;;455;5;;;444;233;5;;;496;3;;;433
46091.jpg;216;5;;;442;5;;;425;223;4;;;460;4;;;429;243;4;;;447;5;;;426
46127.jpg;242;4;;;453;6;;;411;234;4;;;458;5;;;433;239;4;;;446;5;;;437
46133.jpg;232;4;;;530;4;;;418;227;6;;;445;5;;;429;250;4;;;439;5;;;434
46175.jpg;224;4;;;438;3;;;441;244;4;;;450;4;;;434;233;5;;;450;4;;;438
4621.jpg;232;1;;;432;4;;;431;254;4;;;452;5;;;435;240;5;;;437;5;;;435
46217.jpg;225;4;;;439;5;;;427;219;4;;;443;2;;;432;227;4;;;448;4;;;435
46237.jpg;226;5;;;438;5;;;437;231;4;;;448;5;;;434;229;5;;;556;5;;;433
46258.jpg;232;4;;;442;4;;;419;227;5;;;442;2;;;435;221;5;;;436;4;;;433
46298.jpg;228;4;;;448;5;;;444;230;5;;;441;5;;;439;229;5;;;444;4;;;436
46339.jpg;236;4;;;441;2;;;467;220;6;;;511;5;;;433;221;4;;;567;5;;;435
46340.jpg;222;4;;;437;4;;;431;224;4;;;446;4;;;436;213;6;;;444;4;;;430
46378.jpg;242;5;;;437;5;;;438;226;6;;;444;3;;;440;207;4;;;445;4;;;438
46418.jpg;201;5;;;445;4;;;439;219;5;;;439;4;;;427;206;6;;;441;6;;;434
46445.jpg;221;5;;;445;6;;;527;205;4;;;449;4;;;422;188;3;;;528;5;;;429
46457.jpg;206;5;;;449;5;;;419;218;6;;;437;4;;;406;206;4;;;441;6;;;419
46496.jpg;226;6;;;436;13;[[1.2770930250786927, -0.44060967642672977, 240.45138511937756], [0.2438969861244596, 0.8309673517870304, -576.1943097619381], [0.0003112036479667724, -0.0003082643764555153, 1.0]];[[2.473033056181083e-07, 2.859527537416953e-05, -0.02347608078462977], [-3.0420807353407937e-05, -4.695334935452599e-06, 0.03442820399328138], [0.03882174557473454, -0.021573291228432465, -21.545250613750884]];415;208;6;;;446;16;[[0.47186255785011094, -0.6271360141801304, 694.8737494405161], [0.08836378888996366, -0.03850476756921944, 237.19456685744575], [6.438805303818697e-05, -0.0005620058681001383, 1.0]];[[-3.1797680463374833e-06, 4.642265677937419e-05, -0.034986732969063725], [-4.989663072174699e-05, -3.6033184806134988e-06, 0.055514039760600105], [0.06803607463468046, -0.04156329984561763, -37.316259032709304]];417;210;4;;;438;5;;;429
46535.jpg;218;5;;;438;4;;;436;219;5;;;449;4;;;437;199;5;;;456;5;;;440
46550.jpg;199;6;;;440;6;;;426;196;4;;;443;2;;;434;203;5;;;452;4;;;516
46574.jpg;199;5;;;503;5;;;431;190;4;;;454;4;;;433;225;4;;;456;5;;;430
46613.jpg;215;4;;;440;5;;;506;213;5;;;447;5;;;428;231;4;;;448;6;;;442
46651.jpg;226;5;;;448;5;;;430;221;4;;;436;6;;;426;235;4;;;456;4;;;443
46652.jpg;214;4;;;449;2;;;435;213;5;;;439;4;;;427;218;4;;;462;4;;;430
4667.jpg;214;5;;;457;5;;;477;265;4;;;445;3;;;439;250;4;;;452;5;;;423
46691.jpg;238;5;;;441;6;;;428;206;5;;;453;4;;;432;225;5;;;443;5;;;427
46729.jpg;215;4;;;441;4;;;433;212;4;;;451;3;;;431;207;5;;;435;5;;;423
46750.jpg;215;4;;;444;5;;;426;201;3;;;435;5;;;427;235;3;;;459;5;;;430
46770.jpg;241;5;;;445;4;;;429;222;4;;;438;5;;;432;252;2;;;434;4;;;437
46805.jpg;226;5;;;455;5;;;427;219;4;;;453;6;;;427;237;4;;;442;5;;;441
46844.jpg;227;4;;;532;3;;;428;247;5;;;464;4;;;428;237;2;;;448;4;;;439
46850.jpg;232;1;;;447;5;;;437;238;4;;;536;4;;;430;248;4;;;499;5;;;430
46883.jpg;232;4;;;537;5;;;432;242;6;;;441;5;;;431;236;5;;;440;6;;;432
46921.jpg;220;6;;;439;4;;;429;238;5;;;450;4;;;429;240;5;;;435;5;;;433
46958.jpg;234;5;;;517;5;;;425;223;5;;;441;5;;;429;241;4;;;492;5;;;432
46960.jpg;220;4;;;454;5;;;439;219;4;;;440;6;;;426;208;4;;;444;5;;;435
46997.jpg;221;5;;;440;2;;;426;208;5;;;436;4;;;432;241;4;;;453;5;;;429
47036.jpg;214;5;;;437;4;;;448;193;5;;;450;5;;;426;214;3;;;445;3;;;429
47069.jpg;209;4;;;437;5;;;431;244;5;;;438;6;;;428;207;5;;;450;3;;;437
47075.jpg;223;4;;;501;3;;;436;215;5;;;442;5;;;470;243;5;;;455;4;;;425
47114.jpg;259;4;;;432;5;;;436;203;5;;;436;5;;;427;220;5;;;436;4;;;452
47152.jpg;205;5;;;441;6;;;432;204;4;;;448;4;;;427;228;4;;;438;5;;;429
47177.jpg;236;4;;;440;5;;;422;222;5;;;527;5;;;435;254;6;;;603;5;;;431
47191.jpg;199;4;;;517;5;;;438;220;5;;;438;5;;;435;257;4;;;447;4;;;433
47228.jpg;185;5;;;441;4;;;425;220;4;;;434;6;;;438;215;3;;;444;6;;;423
47267.jpg;197;4;;;437;5;;;498;193;6;;;434;6;;;422;206;5;;;450;4;;;468
47288.jpg;182;5;;;440;4;;;430;213;5;;;591;5;;;444;206;5;;;439;6;;;414
47306.jpg;197;4;;;523;4;;;507;216;4;;;448;7;;;489;200;4;;;446;4;;;443
47345.jpg;189;6;;;445;6;;;437;229;4;;;440;9;[[-1.349668574586006, -0.32894314172330036, 2070.6718435869407], [-0.6097309089826852, -0.41931420209560755, 1250.0889100229715], [-0.0006641507747486701, -0.0001813386821298419, 1.0]];[[2.5180948698738627e-07, -1.7312501130418893e-07, -0.0003521178522065505], [2.830019946645998e-07, -1.4232963579497793e-08, -0.0004810194984185108], [-0.0006607946067203426, 0.0002936522537867369, 1.0]];516;202;4;;;538;3;;;435
47383.jpg;188;5;;;438;4;;;431;198;5;;;502;4;;;436;202;6;;;438;5;;;433
4739.jpg;216;3;;;492;2;;;433;239;4;;;592;4;;;470;246;5;;;441;5;;;428
47402.jpg;173;1;;;437;5;;;427;207;5;;;444;4;;;427;234;4;;;437;4;;;431
47420.jpg;201;5;;;442;5;;;440;208;5;;;458;5;;;436;235;4;;;442;5;;;436
47458.jpg;227;6;;;503;4;;;443;216;4;;;447;4;;;428;212;6;;;470;4;;;438
47495.jpg;214;5;;;445;4;;;428;219;5;;;438;6;;;418;205;6;;;424;5;;;486
47531.jpg;209;4;;;439;4;;;431;234;5;;;436;5;;;425;227;5;;;440;5;;;436
47554.jpg;239;4;;;456;5;;;454;234;5;;;438;2;;;429;221;4;;;497;4;;;430
47567.jpg;213;4;;;463;5;;;423;239;5;;;456;4;;;438;224;5;;;436;4;;;437
47603.jpg;240;5;;;497;6;;;434;244;5;;;435;5;;;435;237;5;;;448;6;;;434
47641.jpg;239;4;;;451;4;;;429;228;4;;;441;5;;;433;220;4;;;448;6;;;425
47677.jpg;230;4;;;534;5;;;458;216;4;;;438;3;;;427;208;6;;;443;5;;;437
47714.jpg;218;4;;;497;6;;;420;233;4;;;442;5;;;429;203;5;;;493;5;;;429
47716.jpg;227;4;;;445;4;;;431;249;4;;;437;3;;;426;232;4;;;518;4;;;425
47752.jpg;222;2;;;440;5;;;432;235;5;;;445;4;;;513;213;5;;;440;4;;;432
47788.jpg;219;7;;;502;4;;;413;213;5;;;448;5;;;436;200;2;;;520;5;;;437
4810.jpg;218;4;;;445;5;;;425;250;2;;;510;5;;;494;255;4;;;444;4;;;426
4880.jpg;234;5;;;446;3;;;552;235;6;;;433;4;;;428;226;5;;;449;6;;;429
4889.jpg;220;4;;;441;5;;;429;260;4;;;453;5;;;572;246;5;;;444;4;;;489
4952.jpg;204;4;;;460;4;;;436;232;4;;;496;5;;;437;223;4;;;446;5;;;429
5027.jpg;176;4;;;435;3;;;436;177;5;;;473;2;;;438;208;5;;;442;4;;;457
5102.jpg;189;4;;;454;5;;;440;190;6;;;438;5;;;433;183;4;;;454;5;;;427
5132.jpg;194;5;;;431;5;;;431;209;6;;;435;4;;;440;189;6;;;435;6;;;427
5180.jpg;207;2;;;443;5;;;436;210;5;;;442;5;;;433;197;5;;;497;3;;;433
5261.jpg;192;5;;;437;5;;;436;210;6;;;476;4;;;445;209;4;;;448;4;;;422
5339.jpg;211;6;;;437;5;;;440;187;4;;;443;4;;;429;212;6;;;435;3;;;437
5357.jpg;204;4;;;447;3;;;444;174;5;;;442;4;;;431;221;5;;;465;6;;;422
5420.jpg;213;5;;;435;6;;;426;173;3;;;483;5;;;479;239;4;;;460;4;;;429
5500.jpg;182;5;;;439;4;;;431;184;4;;;453;5;;;459;232;4;;;438;5;;;434
5567.jpg;185;4;;;447;4;;;444;182;5;;;438;5;;;431;207;5;;;444;6;;;425
5579.jpg;165;5;;;531;3;;;430;194;4;;;443;3;;;454;220;4;;;446;5;;;431
5662.jpg;183;7;;;440;4;;;442;179;4;;;457;4;;;442;202;4;;;447;5;;;523
5744.jpg;201;5;;;439;4;;;490;191;5;;;442;4;;;440;183;4;;;450;4;;;431
5792.jpg;180;5;;;499;4;;;429;180;5;;;482;4;;;430;190;3;;;445;4;;;429
5827.jpg;193;4;;;438;4;;;431;212;5;;;440;4;;;440;173;4;;;450;6;;;429
5909.jpg;221;4;;;447;6;;;435;177;5;;;446;2;;;436;159;4;;;443;6;;;429
5993.jpg;208;5;;;450;5;;;436;177;5;;;451;4;;;460;151;4;;;438;4;;;433
6017.jpg;190;4;;;438;5;;;437;182;5;;;474;5;;;437;172;3;;;535;3;;;550
6077.jpg;182;6;;;529;6;;;440;193;4;;;442;4;;;430;199;3;;;435;4;;;441
6158.jpg;192;4;;;444;6;;;431;211;4;;;442;4;;;469;203;6;;;438;5;;;431
6226.jpg;200;2;;;437;4;;;457;204;5;;;447;4;;;436;209;3;;;444;4;;;429
6236.jpg;176;5;;;544;5;;;425;205;1;;;439;6;;;433;213;3;;;448;5;;;434
6310.jpg;214;4;;;448;4;;;444;212;6;;;445;6;;;424;231;4;;;436;1;;;430
6382.jpg;236;5;;;446;5;;;425;230;6;;;437;4;;;434;224;5;;;453;3;;;437
6428.jpg;221;4;;;449;4;;;432;250;6;;;440;4;;;447;256;6;;;531;5;;;429
6452.jpg;219;2;;;496;4;;;435;262;6;;;432;3;;;436;271;4;;;500;1;;;427
6521.jpg;219;5;;;576;5;;;553;236;4;;;451;4;;;454;269;3;;;443;5;;;442
6590.jpg;225;5;;;440;5;;;447;258;4;;;507;3;;;446;282;4;;;436;4;;;424
6614.jpg;236;3;;;506;5;;;426;283;5;;;497;4;;;433;257;4;;;501;4;;;472
6658.jpg;217;4;;;444;4;;;459;283;5;;;472;6;;;421;264;4;;;439;4;;;441
6724.jpg;207;5;;;442;4;;;441;250;4;;;511;5;;;430;257;5;;;436;4;;;437
6790.jpg;213;6;;;519;4;;;432;248;4;;;451;4;;;429;239;5;;;453;4;;;437
6809.jpg;211;6;;;439;4;;;425;234;6;;;442;5;;;435;271;4;;;443;5;;;417
6854.jpg;207;5;;;462;5;;;432;224;6;;;427;4;;;430;268;4;;;462;4;;;428
6920.jpg;206;6;;;538;5;;;434;229;4;;;451;5;;;429;255;6;;;437;6;;;427
6985.jpg;225;4;;;445;5;;;444;271;4;;;443;6;;;426;260;5;;;440;4;;;436
7016.jpg;213;5;;;446;6;;;428;214;5;;;435;3;;;430;271;6;;;604;5;;;457
7049.jpg;220;5;;;453;6;;;418;244;4;;;446;3;;;437;251;5;;;522;4;;;439
7112.jpg;213;4;;;456;3;;;427;227;4;;;462;4;;;430;263;5;;;454;6;;;421
7175.jpg;183;4;;;442;4;;;436;250;5;;;449;5;;;451;249;5;;;437;4;;;427
7226.jpg;200;3;;;435;4;;;433;223;5;;;451;6;;;424;230;4;;;485;5;;;461
7238.jpg;209;6;;;438;13;[[1.1045963484790993, 0.0742333458154873, 104.73697288941163], [-0.1467114019139114, 1.0288047658369783, -238.85692564894305], [-1.3162208921514126e-06, -7.548155594115511e-05, 1.0]];[[-4.7077924122929254e-07, -3.524238207143544e-06, 0.003047401728517963], [3.4747488521679515e-06, -4.930713376482418e-07, -0.0030540928696009923], [-0.003110069371886758, 0.0028051052906933826, 1.0]];419;231;5;;;482;5;;;442;260;5;;;440;2;;;427
7301.jpg;199;3;;;473;10;[[0.8590839542851318, -0.049494021886580745, 160.1429318644511], [-0.17492023650193445, 0.8623606129164508, -128.850821106051], [-0.00015291767235891925, -7.676670206732888e-05, 1.0]];[[1.753422102494731e-06, 1.083386604237725e-05, -0.00235748367522672], [-9.617754039577317e-06, 2.168177312677668e-07, 0.007419135896674412], [0.002481520383498975, -0.006916538051405882, -1.2802046313992408]];430;243;3;;;438;4;;;437;226;3;;;504;4;;;422
7364.jpg;170;5;;;440;4;;;422;253;2;;;454;5;;;436;242;6;;;446;4;;;472
7426.jpg;187;4;;;492;8;[[0.24982955286540517, -0.1909121947955914, 372.1942782511438], [-0.34524068632549726, 0.4371836980296545, 216.11456155005052], [-0.0003973663586959159, -0.00024728267481823545, 1.0]];[[-1.2929048428392455e-06, -7.812584600414705e-06, 0.006009924910097272], [8.6338462553951e-06, 6.353384400433814e-08, -0.0054284627559221445], [-0.006298664728338647, 0.004398297799765103, 1.0]];417;251;3;;;436;5;;;430;239;5;;;443;4;;;434
7439.jpg;202;4;;;456;9;[[2.754078632984372, -0.061118843288931905, -118.15344323030735], [0.5335032530635873, 1.5050409373431, -604.1824286211317], [0.001386890648249752, -0.0002895782660331338, 1.0]];[[-6.213334872815321e-07, -4.959192849771532e-06, 0.003280557850897888], [4.669271866691816e-06, -5.144453160002354e-07, -0.0032140148722702103], [-0.003271358931051268, 0.0025664618793550006, 1.0]];422;229;4;;;442;5;;;437;236;3;;;448;5;;;432
7487.jpg;195;6;;;442;2;;;428;241;5;;;442;6;;;430;237;5;;;449;6;;;425
7550.jpg;186;5;;;432;6;;;428;223;4;;;439;4;;;438;222;5;;;454;3;;;442
7610.jpg;169;5;;;441;6;;;426;230;5;;;443;6;;;415;225;5;;;440;4;;;431
7654.jpg;208;4;;;447;4;;;559;223;4;;;447;4;;;430;239;4;;;450;6;;;483
7673.jpg;203;4;;;436;6;;;441;237;5;;;446;4;;;430;227;5;;;436;4;;;434
7733.jpg;186;5;;;438;5;;;439;242;4;;;499;5;;;433;230;5;;;437;4;;;428
7798.jpg;215;4;;;436;2;;;430;241;4;;;451;6;;;422;238;2;;;442;4;;;436
7862.jpg;208;6;;;519;6;;;437;247;5;;;450;4;;;433;218;5;;;470;5;;;432
7898.jpg;206;5;;;434;5;;;436;239;6;;;447;2;;;428;211;4;;;436;5;;;419
7930.jpg;208;5;;;450;6;;;448;238;4;;;451;5;;;446;198;6;;;438;4;;;432
7997.jpg;195;4;;;433;5;;;429;220;4;;;438;4;;;430;208;4;;;442;5;;;435
8066.jpg;200;5;;;448;5;;;426;239;5;;;442;4;;;434;207;6;;;483;4;;;425
8123.jpg;203;3;;;454;4;;;486;225;7;;;460;4;;;444;226;3;;;445;3;;;432
8131.jpg;205;4;;;444;2;;;435;224;5;;;440;2;;;433;223;5;;;451;4;;;433
8195.jpg;197;5;;;441;0;;;430;215;5;;;450;4;;;455;240;4;;;439;5;;;433
8258.jpg;219;6;;;490;5;;;437;233;4;;;439;5;;;438;218;4;;;490;6;;;426
8323.jpg;199;6;;;444;5;;;427;250;4;;;498;5;;;435;225;5;;;495;3;;;426
8342.jpg;170;4;;;446;4;;;415;233;5;;;472;6;;;431;218;2;;;447;4;;;436
8387.jpg;166;4;;;434;4;;;426;221;4;;;512;5;;;429;196;6;;;500;5;;;427
8453.jpg;175;5;;;437;5;;;426;214;4;;;432;4;;;433;217;6;;;446;4;;;442
8519.jpg;162;2;;;444;6;;;481;221;4;;;441;3;;;433;213;5;;;447;4;;;434
8585.jpg;161;4;;;457;6;;;423;216;5;;;469;7;;;425;222;4;;;445;5;;;431
8651.jpg;181;6;;;601;4;;;456;195;5;;;515;7;;;422;197;4;;;445;6;;;431
8681.jpg;174;2;;;519;5;;;426;198;5;;;436;5;;;426;191;4;;;599;3;;;436
8717.jpg;178;5;;;448;5;;;464;229;5;;;444;2;;;440;192;5;;;452;5;;;429
8783.jpg;203;3;;;440;2;;;440;218;5;;;547;7;;;427;203;4;;;441;3;;;441
8839.jpg;179;6;;;488;5;;;427;203;5;;;473;6;;;430;193;3;;;542;5;;;508
8849.jpg;182;6;;;449;4;;;439;219;6;;;437;3;;;435;197;4;;;448;2;;;431
8915.jpg;187;4;;;449;5;;;436;209;5;;;452;5;;;434;201;5;;;447;5;;;499
8978.jpg;160;5;;;455;7;;;426;192;5;;;439;5;;;454;168;4;;;445;3;;;520
8995.jpg;164;3;;;448;4;;;438;197;4;;;444;5;;;435;190;5;;;499;6;;;461
9043.jpg;160;5;;;452;2;;;428;184;4;;;442;8;[[-8.418810646253627, -6.470605288623942, 3790.920400791603], [-2.8189702217304666, -6.59794834572793, 3078.049413923103], [-0.005098195802811823, -0.0058560955295658, 1.0]];[[-1.191440931759238e-05, 5.475283006414642e-05, -0.0008740514498585365], [-1.9870749803574916e-05, 5.815352019179513e-05, -0.0019148556356385184], [0.01138280400836812, -0.04034334693430167, 1.0]];431;189;5;;;437;5;;;480
9107.jpg;173;4;;;453;19;[[0.7834427597516544, -0.051843451836042, 254.84268518485865], [-0.13776080050365044, 0.7260431833901071, 16.179751193240172], [-2.9839787979404572e-05, -0.0001095802108839403, 1.0]];[[-1.1744134903310638e-07, -9.881732860818194e-07, -0.0017812458276438151], [7.750760438848267e-07, 1.9536892487660233e-07, 0.0019296592363215956], [0.0017428554826968874, -0.0026407873016565057, -0.44495346723290863]];412;165;5;;;435;27;[[0.8098964515042779, -0.019837752624559335, 218.37328057628355], [-0.10116744414060784, 0.7645916751006329, -26.4120025567512], [-3.234184106663453e-05, -0.00010769309857787737, 1.0]];[[-1.1148065791587299e-07, -2.50669235890828e-07, -0.001621850505410066], [9.301429393077333e-08, 2.860527127910646e-07, 0.001674412065996095], [0.0017565513051420267, -0.002274204277315915, -0.44071425390939484]];420;165;5;;;443;7;;;493
9143.jpg;173;5;;;443;5;;;482;166;3;;;448;3;;;433;172;3;;;476;5;;;436
9173.jpg;143;4;;;446;3;;;426;187;6;;;434;25;[[0.836059007112399, -0.017253728677771408, 316.8957619364778], [-0.08766935270528937, 0.7815482814808012, -102.15107177555163], [-1.3642969787457801e-05, -0.00010315700133877977, 0.9999999999999999]];[[9.377492350389814e-08, 8.284022459881074e-07, -1.594718149791857e-05], [-9.225977401999214e-07, -3.7386929352297405e-07, -0.00266468806446678], [0.0005239426744040606, 0.0038050101519439446, 0.20968987063005828]];416;169;3;;;444;10;[[0.8834760281086778, 0.0009686812902153257, 309.5831402325128], [-0.08616557898387572, 0.8276535847657621, -119.4013203372557], [5.249761388235944e-06, -7.174025637591206e-05, 1.0]];[[1.7875387930184247e-07, 2.173576284293076e-06, 0.0014735486737064284], [-1.8565122091533567e-06, 2.9196332067437126e-07, 0.0030195468774614946], [-0.0017158673270318335, -0.002969443856513848, 0.19504445267057813]];420
9241.jpg;151;5;;;448;4;;;428;166;5;;;439;36;[[0.8685666223167784, -0.003751298465235239, 201.96513160697356], [-0.08560542953267089, 0.8160439573337621, -64.50908247091293], [-1.730538130288402e-06, -8.80087068525572e-05, 1.0]];[[0.07419982083353524, 0.6915358218449419, -1347.4082547110838], [-0.782053835598019, 0.07386516189906991, 705.6367826014114], [1509.5657262069205, -695.6150670411645, -348323.83463759354]];414;179;6;;;446;21;[[0.8866625316566366, 0.014212662178968953, 194.86852243801582], [-0.08644155446922627, 0.8430521568180734, -73.14154201896275], [-1.8416291179490943e-07, -6.556091992221341e-05, 1.0]];[[-4.610036741677809e-08, -1.929411812861028e-07, -0.0011558085119182085], [8.0757533543725e-08, -1.0787999903550932e-07, -0.002376099344814091], [0.0015913211141962635, 0.0026108128623249247, -0.06993685794455118]];416
9281.jpg;154;5;;;443;18;[[0.9146862603506581, 0.01793919247415541, 384.4133603267087], [-0.0799091250525797, 0.8539404689838961, -52.56113112734923], [1.9274362314790863e-05, -7.198583716320955e-05, 1.0]];[[-3.6727036485336e-07, -3.5261372313078885e-06, 0.0010150556664943772], [3.417613120913814e-06, -1.1034867212625687e-07, -0.0009912080537164535], [-0.0011891831020213795, -0.00039947903460342896, 0.4573418721281004]];417;156;4;;;445;22;[[0.8645354999322482, 0.008968363283926119, 390.93184235103155], [-0.09872510750286825, 0.8272820361599666, -38.395465620522835], [-1.9743065680610186e-05, -7.615940489112275e-05, 1.0]];[[1.0070006055120599e-07, 9.538510801336835e-07, 0.0014569795550791694], [-7.941127354204369e-07, 1.7814199861544747e-07, 0.0022887786624475686], [-0.0018207559228796517, -0.0022036249861032238, 0.5737853224225278]];422;170;4;;;449;5;;;425
9308.jpg;161;4;;;445;4;;;431;205;4;;;441;28;[[0.8655973029323195, 0.007296391620589703, 284.9933673307769], [-0.09076203115724717, 0.8166457246329544, -124.86413028801195], [-5.718845303661436e-06, -8.379677528858234e-05, 1.0]];[[-1.0431462323461705e-06, -9.81735808122763e-06, 0.006277593688493102], [9.71561172611455e-06, -8.845079437415672e-07, -0.008146695499548617], [-0.007502320012356116, 0.006774033327904536, 2.9707888192369323]];417;190;5;;;447;7;;;421
9376.jpg;173;6;;;449;6;;;418;179;5;;;448;27;[[0.8462333480655391, -0.010349729421003888, 215.88292970491412], [-0.08917319494262801, 0.8017366974994068, -65.77675692278846], [-1.390634643429739e-05, -9.128327211892334e-05, 1.0]];[[-0.28782891636655006, -2.9813742965252503, 2003.373158088302], [2.8982978909855697, -0.4569388946748226, -4282.668479548931], [-1995.5605648921628, 4613.491592752877, 707427.1859215517]];415;182;5;;;510;5;;;438
9418.jpg;172;4;;;451;6;;;409;178;5;;;447;32;[[0.8864959757138836, -0.00674677391927267, 401.797547871939], [-0.07978464235989731, 0.8264323272032148, -50.8527704365548], [1.873610414040085e-07, -8.846818977805953e-05, 1.0]];[[-1.7501640108306056e-07, -1.9429115498579414e-06, 0.0011946755767328074], [1.9291860059778293e-06, 2.771076916285927e-08, -9.661928788017244e-05], [-0.0014514955600255658, -0.0008038050847525528, 0.5512132382080355]];417;181;5;;;458;2;;;413
9443.jpg;161;4;;;508;13;[[0.8068025140907179, -0.05679666993606569, 356.54971735037867], [-0.08979097616979395, 0.7458516278191065, -90.91544415549598], [-1.1134876542193404e-05, -0.000124105129125245, 1.0]];[[-4.205802472883979e-07, -4.293296219481249e-06, 0.002212886514481085], [4.235461234751968e-06, -2.760560860400889e-07, -0.0030921451276084483], [-0.0028612974796845174, 0.0022272487036557095, 1.1887567237920895]];421;184;5;;;440;25;[[0.854007854838374, -0.011295724024782244, 302.25184098760127], [-0.08563434766303397, 0.7988782435608394, -125.56665436543113], [-9.230076315005118e-06, -9.400409706663487e-05, 1.0]];[[-2.293157652788154e-07, -2.4696772314758626e-06, 0.0017583618989072168], [2.4050321305840387e-06, -5.747524202037767e-07, -0.005189339548392847], [-0.0017820998091664661, 0.005592005784521509, 1.2594605205128215]];426;158;5;;;448;6;;;420
9512.jpg;176;5;;;422;5;;;423;176;5;;;441;20;[[0.8843273561787697, -0.014241710492872721, 186.13042468287907], [-0.07686831619572777, 0.819865593113094, -80.374595395761], [4.561652701231401e-06, -9.422134686951071e-05, 1.0]];[[4.3688272396077815e-07, 4.801722481007641e-06, -0.004472065245513582], [-4.83046994982622e-06, 8.206071043562454e-07, 0.007932081866443225], [0.004599690157150919, -0.008673893776934904, -1.4755957144994785]];402;152;5;;;451;5;;;439
9548.jpg;181;5;;;438;2;;;415;188;4;;;473;5;;;436;187;4;;;445;5;;;436
9581.jpg;160;5;;;461;2;;;429;161;4;;;449;4;;;430;186;5;;;491;3;;;433
9649.jpg;171;6;;;524;3;;;432;171;6;;;447;5;;;440;198;5;;;438;4;;;450
9680.jpg;182;6;;;436;4;;;431;167;4;;;436;1;;;467;199;4;;;452;6;;;461
9718.jpg;177;6;;;429;6;;;433;174;5;;;433;3;;;439;144;4;;;461;5;;;423
9788.jpg;148;4;;;440;6;;;430;170;4;;;445;4;;;437;149;5;;;436;6;;;446
9812.jpg;129;4;;;456;2;;;429;135;5;;;440;6;;;430;146;3;;;443;5;;;444
9859.jpg;136;3;;;443;5;;;428;144;4;;;441;4;;;438;133;7;;;436;5;;;447
9929.jpg;140;4;;;440;5;;;433;129;6;;;438;5;;;436;151;4;;;448;5;;;426
9940.jpg;136;4;;;441;3;;;441;128;4;;;439;4;;;436;147;5;;;475;4;;;448
